6.111849742571816932e+03
6.112297491583562987e+03
6.112745240140478018e+03
6.113192988242562024e+03
6.113640735889814096e+03
6.114088483082234234e+03
6.114536229819823347e+03
6.114983976102580527e+03
6.115431721930506683e+03
6.115879467303600904e+03
6.116327212221864102e+03
6.116774956685295365e+03
6.117222700693895604e+03
6.117670444247663909e+03
6.118118187346601189e+03
6.118565929990706536e+03
6.119013672179980858e+03
6.119461413914423247e+03
6.119909155194034611e+03
6.120356896018814041e+03
6.120804636388762447e+03
6.121252376303878918e+03
6.121700115764164366e+03
6.122147854769617879e+03
6.122595593320239459e+03
6.123043331416030014e+03
6.123491069056989545e+03
6.123938806243117142e+03
6.124386542974413715e+03
6.124834279250878353e+03
6.125282015072511058e+03
6.125729750439312738e+03
6.126177485351283394e+03
6.126625219808422116e+03
6.127072953810728905e+03
6.127520687358204668e+03
6.127968420450849408e+03
6.128416153088662213e+03
6.128863885271643085e+03
6.129311616999792932e+03
6.129759348273111755e+03
6.130207079091598644e+03
6.130654809455253599e+03
6.131102539364077529e+03
6.131550268818070435e+03
6.131997997817230498e+03
6.132445726361560446e+03
6.132893454451058460e+03
6.133341182085724540e+03
6.133788909265559596e+03
6.134236635990562718e+03
6.134684362260734815e+03
6.135132088076074979e+03
6.135579813436584118e+03
6.136027538342261323e+03
6.136475262793107504e+03
6.136922986789121751e+03
6.137370710330304973e+03
6.137818433416656262e+03
6.138266156048176526e+03
6.138713878224864857e+03
6.139161599946722163e+03
6.139609321213747535e+03
6.140057042025941882e+03
6.140504762383304296e+03
6.140952482285835686e+03
6.141400201733535141e+03
6.141847920726403572e+03
6.142295639264440069e+03
6.142743357347644633e+03
6.143191074976018172e+03
6.143638792149560686e+03
6.144086508868271267e+03
6.144534225132150823e+03
6.144981940941198445e+03
6.145429656295414134e+03
6.145877371194798798e+03
6.146325085639352437e+03
6.146772799629074143e+03
6.147220513163963915e+03
6.147668226244022662e+03
6.148115938869250385e+03
6.148563651039646174e+03
6.149011362755210030e+03
6.149459074015942861e+03
6.149906784821844667e+03
6.150354495172913630e+03
6.150802205069152478e+03
6.151249914510559393e+03
6.151697623497134373e+03
6.152145332028878329e+03
6.152593040105790351e+03
6.153040747727871349e+03
6.153488454895121322e+03
6.153936161607538452e+03
6.154383867865125467e+03
6.154831573667880548e+03
6.155279279015803695e+03
6.155726983908895818e+03
6.156174688347156007e+03
6.156622392330585171e+03
6.157070095859182402e+03
6.157517798932948608e+03
6.157965501551882880e+03
6.158413203715986128e+03
6.158860905425257442e+03
6.159308606679696823e+03
6.159756307479306088e+03
6.160204007824082510e+03
6.160651707714027907e+03
6.161099407149142280e+03
6.161547106129424719e+03
6.161994804654876134e+03
6.162442502725495615e+03
6.162890200341284071e+03
6.163337897502240594e+03
6.163785594208365183e+03
6.164233290459658747e+03
6.164680986256121287e+03
6.165128681597751893e+03
6.165576376484550565e+03
6.166024070916518212e+03
6.166471764893654836e+03
6.166919458415959525e+03
6.167367151483432281e+03
6.167814844096074012e+03
6.168262536253884718e+03
6.168710227956863491e+03
6.169157919205010330e+03
6.169605609998326145e+03
6.170053300336810935e+03
6.170500990220462882e+03
6.170948679649284713e+03
6.171396368623274611e+03
6.171844057142432575e+03
6.172291745206759515e+03
6.172739432816254521e+03
6.173187119970918502e+03
6.173634806670750550e+03
6.174082492915751573e+03
6.174530178705921571e+03
6.174977864041258727e+03
6.175425548921765767e+03
6.175873233347439964e+03
6.176320917318284046e+03
6.176768600834295285e+03
6.177216283895476408e+03
6.177663966501824689e+03
6.178111648653341945e+03
6.178559330350028176e+03
6.179007011591882474e+03
6.179454692378905747e+03
6.179902372711097087e+03
6.180350052588457402e+03
6.180797732010985783e+03
6.181245410978683140e+03
6.181693089491548562e+03
6.182140767549582051e+03
6.182588445152784516e+03
6.183036122301155956e+03
6.183483798994695462e+03
6.183931475233403944e+03
6.184379151017280492e+03
6.184826826346325106e+03
6.185274501220538696e+03
6.185722175639921261e+03
6.186169849604471892e+03
6.186617523114190590e+03
6.187065196169078263e+03
6.187512868769134911e+03
6.187960540914359626e+03
6.188408212604752407e+03
6.188855883840314164e+03
6.189303554621043986e+03
6.189751224946942784e+03
6.190198894818010558e+03
6.190646564234246398e+03
6.191094233195650304e+03
6.191541901702223186e+03
6.191989569753964133e+03
6.192437237350874057e+03
6.192884904492952046e+03
6.193332571180199011e+03
6.193780237412614042e+03
6.194227903190198049e+03
6.194675568512950122e+03
6.195123233380871170e+03
6.195570897793961194e+03
6.196018561752218375e+03
6.196466225255644531e+03
6.196913888304239663e+03
6.197361550898002861e+03
6.197809213036935034e+03
6.198256874721035274e+03
6.198704535950304489e+03
6.199152196724741771e+03
6.199599857044348028e+03
6.200047516909122351e+03
6.200495176319065649e+03
6.200942835274177014e+03
6.201390493774456445e+03
6.201838151819904851e+03
6.202285809410522234e+03
6.202733466546307682e+03
6.203181123227262106e+03
6.203628779453384595e+03
6.204076435224675151e+03
6.204524090541134683e+03
6.204971745402763190e+03
6.205419399809559764e+03
6.205867053761524403e+03
6.206314707258658018e+03
6.206762360300960609e+03
6.207210012888431265e+03
6.207657665021069988e+03
6.208105316698877687e+03
6.208552967921853451e+03
6.209000618689998191e+03
6.209448269003311907e+03
6.209895918861793689e+03
6.210343568265443537e+03
6.210791217214262360e+03
6.211238865708249250e+03
6.211686513747405115e+03
6.212134161331729047e+03
6.212581808461221954e+03
6.213029455135883836e+03
6.213477101355712875e+03
6.213924747120711800e+03
6.214372392430877881e+03
6.214820037286213847e+03
6.215267681686716969e+03
6.215715325632389977e+03
6.216162969123230141e+03
6.216610612159240191e+03
6.217058254740417397e+03
6.217505896866764488e+03
6.217953538538278735e+03
6.218401179754961959e+03
6.218848820516814158e+03
6.219296460823834423e+03
6.219744100676023663e+03
6.220191740073380970e+03
6.220639379015907252e+03
6.221087017503601601e+03
6.221534655536464015e+03
6.221982293114495405e+03
6.222429930237695771e+03
6.222877566906064203e+03
6.223325203119601611e+03
6.223772838878307084e+03
6.224220474182180624e+03
6.224668109031223139e+03
6.225115743425434630e+03
6.225563377364814187e+03
6.226011010849361810e+03
6.226458643879078409e+03
6.226906276453963073e+03
6.227353908574016714e+03
6.227801540239239330e+03
6.228249171449630012e+03
6.228696802205188760e+03
6.229144432505916484e+03
6.229592062351812274e+03
6.230039691742877039e+03
6.230487320679110780e+03
6.230934949160512588e+03
6.231382577187082461e+03
6.231830204758821310e+03
6.232277831875728225e+03
6.232725458537804116e+03
6.233173084745048072e+03
6.233620710497461005e+03
6.234068335795042003e+03
6.234515960637791977e+03
6.234963585025710017e+03
6.235411208958797033e+03
6.235858832437052115e+03
6.236306455460476172e+03
6.236754078029068296e+03
6.237201700142829395e+03
6.237649321801758560e+03
6.238096943005856701e+03
6.238544563755122908e+03
6.238992184049557181e+03
6.239439803889160430e+03
6.239887423273932654e+03
6.240335042203872945e+03
6.240782660678982211e+03
6.241230278699259543e+03
6.241677896264704941e+03
6.242125513375320224e+03
6.242573130031102664e+03
6.243020746232054080e+03
6.243468361978174471e+03
6.243915977269462928e+03
6.244363592105919452e+03
6.244811206487544951e+03
6.245258820414339425e+03
6.245706433886301966e+03
6.246154046903432572e+03
6.246601659465732155e+03
6.247049271573199803e+03
6.247496883225836427e+03
6.247944494423642027e+03
6.248392105166615693e+03
6.248839715454757425e+03
6.249287325288068132e+03
6.249734934666546906e+03
6.250182543590194655e+03
6.250630152059011380e+03
6.251077760072995261e+03
6.251525367632149027e+03
6.251972974736469951e+03
6.252420581385960759e+03
6.252868187580619633e+03
6.253315793320446573e+03
6.253763398605442489e+03
6.254211003435606472e+03
6.254658607810939429e+03
6.255106211731440453e+03
6.255553815197110453e+03
6.256001418207948518e+03
6.256449020763954650e+03
6.256896622865130666e+03
6.257344224511473840e+03
6.257791825702985989e+03
6.258239426439667113e+03
6.258687026721516304e+03
6.259134626548534470e+03
6.259582225920720703e+03
6.260029824838075911e+03
6.260477423300599185e+03
6.260925021308290525e+03
6.261372618861150841e+03
6.261820215959180132e+03
6.262267812602377489e+03
6.262715408790742913e+03
6.263163004524277312e+03
6.263610599802980687e+03
6.264058194626852128e+03
6.264505788995891635e+03
6.264953382910100117e+03
6.265400976369477576e+03
6.265848569374023100e+03
6.266296161923736690e+03
6.266743754018619256e+03
6.267191345658670798e+03
6.267638936843890406e+03
6.268086527574278080e+03
6.268534117849834729e+03
6.268981707670559445e+03
6.269429297036453136e+03
6.269876885947514893e+03
6.270324474403745626e+03
6.270772062405145334e+03
6.271219649951712199e+03
6.271667237043448949e+03
6.272114823680352856e+03
6.272562409862426648e+03
6.273009995589668506e+03
6.273457580862078430e+03
6.273905165679657330e+03
6.274352750042404296e+03
6.274800333950319327e+03
6.275247917403404244e+03
6.275695500401656318e+03
6.276143082945078277e+03
6.276590665033667392e+03
6.277038246667425483e+03
6.277485827846352549e+03
6.277933408570447682e+03
6.278380988839711790e+03
6.278828568654143965e+03
6.279276148013745114e+03
6.279723726918514330e+03
6.280171305368451613e+03
6.280618883363557870e+03
6.281066460903833104e+03
6.281514037989276403e+03
6.281961614619887769e+03
6.282409190795668110e+03
6.282856766516617427e+03
6.283304341782734809e+03
6.283751916594021168e+03
6.284199490950475592e+03
6.284647064852098083e+03
6.285094638298889549e+03
6.285542211290849082e+03
6.285989783827977590e+03
6.286437355910275073e+03
6.286884927537740623e+03
6.287332498710374239e+03
6.287780069428176830e+03
6.288227639691147488e+03
6.288675209499287121e+03
6.289122778852595729e+03
6.289570347751071495e+03
6.290017916194717145e+03
6.290465484183530862e+03
6.290913051717512644e+03
6.291360618796663402e+03
6.291808185420982227e+03
6.292255751590470027e+03
6.292703317305125893e+03
6.293150882564950734e+03
6.293598447369943642e+03
6.294046011720105525e+03
6.294493575615435475e+03
6.294941139055934400e+03
6.295388702041601391e+03
6.295836264572436448e+03
6.296283826648441391e+03
6.296731388269613490e+03
6.297178949435954564e+03
6.297626510147464614e+03
6.298074070404142731e+03
6.298521630205989823e+03
6.298969189553004981e+03
6.299416748445189114e+03
6.299864306882541314e+03
6.300311864865061580e+03
6.300759422392750821e+03
6.301206979465609038e+03
6.301654536083635321e+03
6.302102092246829670e+03
6.302549647955192995e+03
6.302997203208725296e+03
6.303444758007425662e+03
6.303892312351294095e+03
6.304339866240331503e+03
6.304787419674537887e+03
6.305234972653912337e+03
6.305682525178454853e+03
6.306130077248166344e+03
6.306577628863045902e+03
6.307025180023094435e+03
6.307472730728311944e+03
6.307920280978697519e+03
6.308367830774251161e+03
6.308815380114973777e+03
6.309262929000864460e+03
6.309710477431924119e+03
6.310158025408151843e+03
6.310605572929548543e+03
6.311053119996113310e+03
6.311500666607847052e+03
6.311948212764748860e+03
6.312395758466819643e+03
6.312843303714058493e+03
6.313290848506466318e+03
6.313738392844042210e+03
6.314185936726787077e+03
6.314633480154700010e+03
6.315081023127781918e+03
6.315528565646031893e+03
6.315976107709450844e+03
6.316423649318037860e+03
6.316871190471793852e+03
6.317318731170717911e+03
6.317766271414810035e+03
6.318213811204071135e+03
6.318661350538501210e+03
6.319108889418099352e+03
6.319556427842866469e+03
6.320003965812801653e+03
6.320451503327904902e+03
6.320899040388177127e+03
6.321346576993618328e+03
6.321794113144227595e+03
6.322241648840004927e+03
6.322689184080951236e+03
6.323136718867066520e+03
6.323584253198349870e+03
6.324031787074801287e+03
6.324479320496421678e+03
6.324926853463211046e+03
6.325374385975168479e+03
6.325821918032293979e+03
6.326269449634588455e+03
6.326716980782050996e+03
6.327164511474682513e+03
6.327612041712483006e+03
6.328059571495450655e+03
6.328507100823588189e+03
6.328954629696893790e+03
6.329402158115367456e+03
6.329849686079010098e+03
6.330297213587820806e+03
6.330744740641800490e+03
6.331192267240948240e+03
6.331639793385264966e+03
6.332087319074749757e+03
6.332534844309403525e+03
6.332982369089225358e+03
6.333429893414216167e+03
6.333877417284375042e+03
6.334324940699702893e+03
6.334772463660198810e+03
6.335219986165863702e+03
6.335667508216696660e+03
6.336115029812697685e+03
6.336562550953867685e+03
6.337010071640206661e+03
6.337457591871713703e+03
6.337905111648389720e+03
6.338352630970233804e+03
6.338800149837245954e+03
6.339247668249427988e+03
6.339695186206777180e+03
6.340142703709295347e+03
6.340590220756982490e+03
6.341037737349837698e+03
6.341485253487860973e+03
6.341932769171053224e+03
6.342380284399414450e+03
6.342827799172943742e+03
6.343275313491641100e+03
6.343722827355507434e+03
6.344170340764542743e+03
6.344617853718745209e+03
6.345065366218117560e+03
6.345512878262657978e+03
6.345960389852366461e+03
6.346407900987243920e+03
6.346855411667289445e+03
6.347302921892503946e+03
6.347750431662887422e+03
6.348197940978438055e+03
6.348645449839158573e+03
6.349092958245047157e+03
6.349540466196103807e+03
6.349987973692329433e+03
6.350435480733723125e+03
6.350882987320285793e+03
6.351330493452016526e+03
6.351777999128916235e+03
6.352225504350984011e+03
6.352673009118220762e+03
6.353120513430625579e+03
6.353568017288199371e+03
6.354015520690941230e+03
6.354463023638852064e+03
6.354910526131930965e+03
6.355358028170177931e+03
6.355805529753593873e+03
6.356253030882178791e+03
6.356700531555931775e+03
6.357148031774853735e+03
6.357595531538943760e+03
6.358043030848202761e+03
6.358490529702629829e+03
6.358938028102224962e+03
6.359385526046989071e+03
6.359833023536922155e+03
6.360280520572023306e+03
6.360728017152292523e+03
6.361175513277730715e+03
6.361623008948337883e+03
6.362070504164113117e+03
6.362517998925056418e+03
6.362965493231168693e+03
6.363412987082449945e+03
6.363860480478899262e+03
6.364307973420516646e+03
6.364755465907303005e+03
6.365202957939257431e+03
6.365650449516380831e+03
6.366097940638673208e+03
6.366545431306132741e+03
6.366992921518762159e+03
6.367440411276559644e+03
6.367887900579525194e+03
6.368335389427659720e+03
6.368782877820962312e+03
6.369230365759433880e+03
6.369677853243073514e+03
6.370125340271882123e+03
6.370572826845858799e+03
6.371020312965004450e+03
6.371467798629318168e+03
6.371915283838800860e+03
6.372362768593451619e+03
6.372810252893271354e+03
6.373257736738259155e+03
6.373705220128415931e+03
6.374152703063740773e+03
6.374600185544234591e+03
6.375047667569896475e+03
6.375495149140726426e+03
6.375942630256726261e+03
6.376390110917893253e+03
6.376837591124229220e+03
6.377285070875734164e+03
6.377732550172407173e+03
6.378180029014248248e+03
6.378627507401259209e+03
6.379074985333437326e+03
6.379522462810784418e+03
6.379969939833300486e+03
6.380417416400984621e+03
6.380864892513836821e+03
6.381312368171857997e+03
6.381759843375048149e+03
6.382207318123406367e+03
6.382654792416932651e+03
6.383102266255627910e+03
6.383549739639491236e+03
6.383997212568523537e+03
6.384444685042724814e+03
6.384892157062094157e+03
6.385339628626631566e+03
6.385787099736337950e+03
6.386234570391212401e+03
6.386682040591255827e+03
6.387129510336467320e+03
6.387576979626847788e+03
6.388024448462396322e+03
6.388471916843113831e+03
6.388919384769000317e+03
6.389366852240053959e+03
6.389814319256277486e+03
6.390261785817668169e+03
6.390709251924228738e+03
6.391156717575956463e+03
6.391604182772854074e+03
6.392051647514918841e+03
6.392499111802153493e+03
6.392946575634555302e+03
6.393394039012126086e+03
6.393841501934865846e+03
6.394288964402773672e+03
6.394736426415850474e+03
6.395183887974095342e+03
6.395631349077509185e+03
6.396078809726091094e+03
6.396526269919841070e+03
6.396973729658760021e+03
6.397421188942847948e+03
6.397868647772103941e+03
6.398316106146528909e+03
6.398763564066121944e+03
6.399211021530883045e+03
6.399658478540813121e+03
6.400105935095912173e+03
6.400553391196179291e+03
6.401000846841614475e+03
6.401448302032218635e+03
6.401895756767991770e+03
6.402343211048932062e+03
6.402790664875042239e+03
6.403238118246320482e+03
6.403685571162766792e+03
6.404133023624382076e+03
6.404580475631166337e+03
6.405027927183117754e+03
6.405475378280239056e+03
6.405922828922528424e+03
6.406370279109985859e+03
6.406817728842612269e+03
6.407265178120406745e+03
6.407712626943370196e+03
6.408160075311501714e+03
6.408607523224802208e+03
6.409054970683270767e+03
6.409502417686908302e+03
6.409949864235713903e+03
6.410397310329688480e+03
6.410844755968831123e+03
6.411292201153142742e+03
6.411739645882622426e+03
6.412187090157271086e+03
6.412634533977087813e+03
6.413081977342073515e+03
6.413529420252227283e+03
6.413976862707550026e+03
6.414424304708040836e+03
6.414871746253699712e+03
6.415319187344527563e+03
6.415766627980524390e+03
6.416214068161689283e+03
6.416661507888023152e+03
6.417108947159525087e+03
6.417556385976195088e+03
6.418003824338034065e+03
6.418451262245042017e+03
6.418898699697218035e+03
6.419346136694562119e+03
6.419793573237075179e+03
6.420241009324757215e+03
6.420688444957607317e+03
6.421135880135625484e+03
6.421583314858812628e+03
6.422030749127168747e+03
6.422478182940692932e+03
6.422925616299385183e+03
6.423373049203246410e+03
6.423820481652275703e+03
6.424267913646473971e+03
6.424715345185841215e+03
6.425162776270375616e+03
6.425610206900079902e+03
6.426057637074952254e+03
6.426505066794992672e+03
6.426952496060202066e+03
6.427399924870579525e+03
6.427847353226125961e+03
6.428294781126840462e+03
6.428742208572723939e+03
6.429189635563775482e+03
6.429637062099996001e+03
6.430084488181384586e+03
6.430531913807942146e+03
6.430979338979667773e+03
6.431426763696562375e+03
6.431874187958625043e+03
6.432321611765856687e+03
6.432769035118256397e+03
6.433216458015824173e+03
6.433663880458561835e+03
6.434111302446466652e+03
6.434558723979540446e+03
6.435006145057783215e+03
6.435453565681194050e+03
6.435900985849773861e+03
6.436348405563521737e+03
6.436795824822437680e+03
6.437243243626522599e+03
6.437690661975776493e+03
6.438138079870198453e+03
6.438585497309788479e+03
6.439032914294548391e+03
6.439480330824475459e+03
6.439927746899571503e+03
6.440375162519835612e+03
6.440822577685268698e+03
6.441269992395870759e+03
6.441717406651640886e+03
6.442164820452579079e+03
6.442612233798686248e+03
6.443059646689962392e+03
6.443507059126405693e+03
6.443954471108018879e+03
6.444401882634800131e+03
6.444849293706749449e+03
6.445296704323867743e+03
6.445744114486154103e+03
6.446191524193609439e+03
6.446638933446232841e+03
6.447086342244025218e+03
6.447533750586985661e+03
6.447981158475115080e+03
6.448428565908412565e+03
6.448875972886879026e+03
6.449323379410513553e+03
6.449770785479317055e+03
6.450218191093288624e+03
6.450665596252429168e+03
6.451113000956737778e+03
6.451560405206215364e+03
6.452007809000861016e+03
6.452455212340675644e+03
6.452902615225658337e+03
6.453350017655810007e+03
6.453797419631129742e+03
6.454244821151617543e+03
6.454692222217274320e+03
6.455139622828100073e+03
6.455587022984093892e+03
6.456034422685256686e+03
6.456481821931587547e+03
6.456929220723086473e+03
6.457376619059754375e+03
6.457824016941591253e+03
6.458271414368596197e+03
6.458718811340769207e+03
6.459166207858111193e+03
6.459613603920622154e+03
6.460060999528301181e+03
6.460508394681148275e+03
6.460955789379164344e+03
6.461403183622349388e+03
6.461850577410701590e+03
6.462297970744223676e+03
6.462745363622913828e+03
6.463192756046772047e+03
6.463640148015799241e+03
6.464087539529994501e+03
6.464534930589358737e+03
6.464982321193891948e+03
6.465429711343592317e+03
6.465877101038462570e+03
6.466324490278500889e+03
6.466771879063707274e+03
6.467219267394082635e+03
6.467666655269626062e+03
6.468114042690338465e+03
6.468561429656218934e+03
6.469008816167268378e+03
6.469456202223485889e+03
6.469903587824872375e+03
6.470350972971426927e+03
6.470798357663149545e+03
6.471245741900042049e+03
6.471693125682101709e+03
6.472140509009330344e+03
6.472587891881727955e+03
6.473035274299293633e+03
6.473482656262028286e+03
6.473930037769931005e+03
6.474377418823001790e+03
6.474824799421242460e+03
6.475272179564650287e+03
6.475719559253227089e+03
6.476166938486972867e+03
6.476614317265886712e+03
6.477061695589968622e+03
6.477509073459219508e+03
6.477956450873639369e+03
6.478403827833227297e+03
6.478851204337983290e+03
6.479298580387908260e+03
6.479745955983002204e+03
6.480193331123264215e+03
6.480640705808694293e+03
6.481088080039293345e+03
6.481535453815060464e+03
6.481982827135996558e+03
6.482430200002101628e+03
6.482877572413374764e+03
6.483324944369815967e+03
6.483772315871426144e+03
6.484219686918204388e+03
6.484667057510151608e+03
6.485114427647266893e+03
6.485561797329551155e+03
6.486009166557003482e+03
6.486456535329624785e+03
6.486903903647415063e+03
6.487351271510372499e+03
6.487798638918498909e+03
6.488246005871794296e+03
6.488693372370258658e+03
6.489140738413890176e+03
6.489588104002690670e+03
6.490035469136660140e+03
6.490482833815797676e+03
6.490930198040104187e+03
6.491377561809578765e+03
6.491824925124222318e+03
6.492272287984033937e+03
6.492719650389013623e+03
6.493167012339163193e+03
6.493614373834479920e+03
6.494061734874965623e+03
6.494509095460620301e+03
6.494956455591443046e+03
6.495403815267434766e+03
6.495851174488594552e+03
6.496298533254922404e+03
6.496745891566419232e+03
6.497193249423085035e+03
6.497640606824918905e+03
6.498087963771920840e+03
6.498535320264091752e+03
6.498982676301431638e+03
6.499430031883939591e+03
6.499877387011615610e+03
6.500324741684460605e+03
6.500772095902473666e+03
6.501219449665655702e+03
6.501666802974006714e+03
6.502114155827524883e+03
6.502561508226212936e+03
6.503008860170069056e+03
6.503456211659093242e+03
6.503903562693286403e+03
6.504350913272647631e+03
6.504798263397177834e+03
6.505245613066876103e+03
6.505692962281743348e+03
6.506140311041778659e+03
6.506587659346982946e+03
6.507035007197355299e+03
6.507482354592896627e+03
6.507929701533606021e+03
6.508377048019484391e+03
6.508824394050530827e+03
6.509271739626746239e+03
6.509719084748129717e+03
6.510166429414682170e+03
6.510613773626402690e+03
6.511061117383292185e+03
6.511508460685349746e+03
6.511955803532575374e+03
6.512403145924970886e+03
6.512850487862533555e+03
6.513297829345265200e+03
6.513745170373165820e+03
6.514192510946234506e+03
6.514639851064472168e+03
6.515087190727877896e+03
6.515534529936451690e+03
6.515981868690194460e+03
6.516429206989106206e+03
6.516876544833186017e+03
6.517323882222433895e+03
6.517771219156850748e+03
6.518218555636436577e+03
6.518665891661190471e+03
6.519113227231112432e+03
6.519560562346203369e+03
6.520007897006462372e+03
6.520455231211890350e+03
6.520902564962487304e+03
6.521349898258252324e+03
6.521797231099185410e+03
6.522244563485287472e+03
6.522691895416557600e+03
6.523139226892996703e+03
6.523586557914603873e+03
6.524033888481380018e+03
6.524481218593324229e+03
6.524928548250437416e+03
6.525375877452719578e+03
6.525823206200168897e+03
6.526270534492788101e+03
6.526717862330574462e+03
6.527165189713530708e+03
6.527612516641654111e+03
6.528059843114947398e+03
6.528507169133407842e+03
6.528954494697038172e+03
6.529401819805835657e+03
6.529849144459802119e+03
6.530296468658937556e+03
6.530743792403241059e+03
6.531191115692713538e+03
6.531638438527354083e+03
6.532085760907162694e+03
6.532533082832141190e+03
6.532980404302286843e+03
6.533427725317601471e+03
6.533875045878085075e+03
6.534322365983736745e+03
6.534769685634556481e+03
6.535217004830545193e+03
6.535664323571702880e+03
6.536111641858028634e+03
6.536558959689522453e+03
6.537006277066186158e+03
6.537453593988017019e+03
6.537900910455016856e+03
6.538348226467184759e+03
6.538795542024521637e+03
6.539242857127027492e+03
6.539690171774701412e+03
6.540137485967543398e+03
6.540584799705554360e+03
6.541032112988733388e+03
6.541479425817081392e+03
6.541926738190598371e+03
6.542374050109282507e+03
6.542821361573136528e+03
6.543268672582158615e+03
6.543715983136348768e+03
6.544163293235707897e+03
6.544610602880235092e+03
6.545057912069931263e+03
6.545505220804795499e+03
6.545952529084828711e+03
6.546399836910029990e+03
6.546847144280400244e+03
6.547294451195938564e+03
6.547741757656645859e+03
6.548189063662521221e+03
6.548636369213565558e+03
6.549083674309777962e+03
6.549530978951158431e+03
6.549978283137708786e+03
6.550425586869426297e+03
6.550872890146312784e+03
6.551320192968368247e+03
6.551767495335591775e+03
6.552214797247984279e+03
6.552662098705544850e+03
6.553109399708273486e+03
6.553556700256171098e+03
6.554004000349237685e+03
6.554451299987472339e+03
6.554898599170875968e+03
6.555345897899447664e+03
6.555793196173187425e+03
6.556240493992096162e+03
6.556687791356172966e+03
6.557135088265418744e+03
6.557582384719833499e+03
6.558029680719416319e+03
6.558476976264167206e+03
6.558924271354087068e+03
6.559371565989175906e+03
6.559818860169432810e+03
6.560266153894857780e+03
6.560713447165451726e+03
6.561160739981213737e+03
6.561608032342144725e+03
6.562055324248243778e+03
6.562502615699511807e+03
6.562949906695948812e+03
6.563397197237552973e+03
6.563844487324327019e+03
6.564291776956268222e+03
6.564739066133379310e+03
6.565186354855657555e+03
6.565633643123105685e+03
6.566080930935720971e+03
6.566528218293506143e+03
6.566975505196458471e+03
6.567422791644580684e+03
6.567870077637870054e+03
6.568317363176329309e+03
6.568764648259955720e+03
6.569211932888751107e+03
6.569659217062715470e+03
6.570106500781847899e+03
6.570553784046149303e+03
6.571001066855618774e+03
6.571448349210256310e+03
6.571895631110063732e+03
6.572342912555038311e+03
6.572790193545181864e+03
6.573237474080494394e+03
6.573684754160974990e+03
6.574132033786623651e+03
6.574579312957441289e+03
6.575026591673427902e+03
6.575473869934582581e+03
6.575921147740905326e+03
6.576368425092397047e+03
6.576815701989057743e+03
6.577262978430886506e+03
6.577710254417883334e+03
6.578157529950049138e+03
6.578604805027383918e+03
6.579052079649885854e+03
6.579499353817557676e+03
6.579946627530397564e+03
6.580393900788405517e+03
6.580841173591582447e+03
6.581288445939927442e+03
6.581735717833441413e+03
6.582182989272123450e+03
6.582630260255974463e+03
6.583077530784994451e+03
6.583524800859181596e+03
6.583972070478538626e+03
6.584419339643062813e+03
6.584866608352756884e+03
6.585313876607618113e+03
6.585761144407649226e+03
6.586208411752847496e+03
6.586655678643215651e+03
6.587102945078750963e+03
6.587550211059455251e+03
6.587997476585328513e+03
6.588444741656369843e+03
6.588892006272580147e+03
6.589339270433958518e+03
6.589786534140505864e+03
6.590233797392221277e+03
6.590681060189104755e+03
6.591128322531158119e+03
6.591575584418378639e+03
6.592022845850768135e+03
6.592470106828326607e+03
6.592917367351053144e+03
6.593364627418947748e+03
6.593811887032011327e+03
6.594259146190243882e+03
6.594706404893644503e+03
6.595153663142213190e+03
6.595600920935950853e+03
6.596048178274857491e+03
6.596495435158932196e+03
6.596942691588174966e+03
6.597389947562586713e+03
6.597837203082167434e+03
6.598284458146916222e+03
6.598731712756833076e+03
6.599178966911918906e+03
6.599626220612172801e+03
6.600073473857595673e+03
6.600520726648186610e+03
6.600967978983946523e+03
6.601415230864875411e+03
6.601862482290971457e+03
6.602309733262237387e+03
6.602756983778670474e+03
6.603204233840273446e+03
6.603651483447044484e+03
6.604098732598983588e+03
6.604545981296090758e+03
6.604993229538367814e+03
6.605440477325812026e+03
6.605887724658426123e+03
6.606334971536207377e+03
6.606782217959158515e+03
6.607229463927276811e+03
6.607676709440564082e+03
6.608123954499020329e+03
6.608571199102644641e+03
6.609018443251437930e+03
6.609465686945399284e+03
6.609912930184529614e+03
6.610360172968828010e+03
6.610807415298294472e+03
6.611254657172929910e+03
6.611701898592734324e+03
6.612149139557706803e+03
6.612596380067848258e+03
6.613043620123157780e+03
6.613490859723635367e+03
6.613938098869281930e+03
6.614385337560097469e+03
6.614832575796081073e+03
6.615279813577232744e+03
6.615727050903553391e+03
6.616174287775042103e+03
6.616621524191699791e+03
6.617068760153526455e+03
6.617515995660521185e+03
6.617963230712683981e+03
6.618410465310015752e+03
6.618857699452515590e+03
6.619304933140184403e+03
6.619752166373022192e+03
6.620199399151028047e+03
6.620646631474201968e+03
6.621093863342544864e+03
6.621541094756055827e+03
6.621988325714735765e+03
6.622435556218583770e+03
6.622882786267600750e+03
6.623330015861785796e+03
6.623777245001139818e+03
6.624224473685661906e+03
6.624671701915352969e+03
6.625118929690212099e+03
6.625566157010240204e+03
6.626013383875436375e+03
6.626460610285801522e+03
6.626907836241334735e+03
6.627355061742036924e+03
6.627802286787907178e+03
6.628249511378945499e+03
6.628696735515153705e+03
6.629143959196529067e+03
6.629591182423073406e+03
6.630038405194786719e+03
6.630485627511668099e+03
6.630932849373717545e+03
6.631380070780936876e+03
6.631827291733323364e+03
6.632274512230878827e+03
6.632721732273603266e+03
6.633168951861495771e+03
6.633616170994556342e+03
6.634063389672785888e+03
6.634510607896184410e+03
6.634957825664750999e+03
6.635405042978485653e+03
6.635852259837389283e+03
6.636299476241461889e+03
6.636746692190701651e+03
6.637193907685111299e+03
6.637641122724689012e+03
6.638088337309434792e+03
6.638535551439349547e+03
6.638982765114432368e+03
6.639429978334684165e+03
6.639877191100104028e+03
6.640324403410692867e+03
6.640771615266450681e+03
6.641218826667376561e+03
6.641666037613470507e+03
6.642113248104733429e+03
6.642560458141164418e+03
6.643007667722764381e+03
6.643454876849532411e+03
6.643902085521469417e+03
6.644349293738574488e+03
6.644796501500848535e+03
6.645243708808290648e+03
6.645690915660900828e+03
6.646138122058680892e+03
6.646585328001628113e+03
6.647032533489744310e+03
6.647479738523029482e+03
6.647926943101482721e+03
6.648374147225104934e+03
6.648821350893895215e+03
6.649268554107854470e+03
6.649715756866981792e+03
6.650162959171277180e+03
6.650610161020741543e+03
6.651057362415374882e+03
6.651504563355176288e+03
6.651951763840146668e+03
6.652398963870284206e+03
6.652846163445591628e+03
6.653293362566067117e+03
6.653740561231710672e+03
6.654187759442524111e+03
6.654634957198504708e+03
6.655082154499654280e+03
6.655529351345971918e+03
6.655976547737458532e+03
6.656423743674114121e+03
6.656870939155936867e+03
6.657318134182929498e+03
6.657765328755090195e+03
6.658212522872418958e+03
6.658659716534916697e+03
6.659106909742582502e+03
6.659554102495417283e+03
6.660001294793421039e+03
6.660448486636591952e+03
6.660895678024932749e+03
6.661342868958441613e+03
6.661790059437118543e+03
6.662237249460964449e+03
6.662684439029978421e+03
6.663131628144161368e+03
6.663578816803512382e+03
6.664026005008032371e+03
6.664473192757720426e+03
6.664920380052576547e+03
6.665367566892602554e+03
6.665814753277795717e+03
6.666261939208157855e+03
6.666709124683688970e+03
6.667156309704388150e+03
6.667603494270256306e+03
6.668050678381292528e+03
6.668497862037496816e+03
6.668945045238870989e+03
6.669392227985412319e+03
6.669839410277122624e+03
6.670286592114001905e+03
6.670733773496049253e+03
6.671180954423264666e+03
6.671628134895649055e+03
6.672075314913202419e+03
6.672522494475923850e+03
6.672969673583813346e+03
6.673416852236872728e+03
6.673864030435099266e+03
6.674311208178494780e+03
6.674758385467058361e+03
6.675205562300790916e+03
6.675652738679692447e+03
6.676099914603762045e+03
6.676547090072999708e+03
6.676994265087406347e+03
6.677441439646981053e+03
6.677888613751724733e+03
6.678335787401636480e+03
6.678782960596717203e+03
6.679230133336966901e+03
6.679677305622384665e+03
6.680124477452970496e+03
6.680571648828725301e+03
6.681018819749648173e+03
6.681465990215740021e+03
6.681913160226999935e+03
6.682360329783428824e+03
6.682807498885025780e+03
6.683254667531791711e+03
6.683701835723725708e+03
6.684149003460828681e+03
6.684596170743099719e+03
6.685043337570538824e+03
6.685490503943147814e+03
6.685937669860923961e+03
6.686384835323869083e+03
6.686832000331983181e+03
6.687279164885265345e+03
6.687726328983716485e+03
6.688173492627335690e+03
6.688620655816122962e+03
6.689067818550080119e+03
6.689514980829204433e+03
6.689962142653497722e+03
6.690409304022959986e+03
6.690856464937590317e+03
6.691303625397388714e+03
6.691750785402356087e+03
6.692197944952492435e+03
6.692645104047796849e+03
6.693092262688269329e+03
6.693539420873910785e+03
6.693986578604721217e+03
6.694433735880699714e+03
6.694880892701846278e+03
6.695328049068161818e+03
6.695775204979645423e+03
6.696222360436298004e+03
6.696669515438119561e+03
6.697116669985109183e+03
6.697563824077266872e+03
6.698010977714593537e+03
6.698458130897088267e+03
6.698905283624751974e+03
6.699352435897583746e+03
6.699799587715584494e+03
6.700246739078753308e+03
6.700693889987091097e+03
6.701141040440596953e+03
6.701588190439271784e+03
6.702035339983114682e+03
6.702482489072126555e+03
6.702929637706306494e+03
6.703376785885655408e+03
6.703823933610172389e+03
6.704271080879858346e+03
6.704718227694712368e+03
6.705165374054735366e+03
6.705612519959926431e+03
6.706059665410286470e+03
6.706506810405814576e+03
6.706953954946510748e+03
6.707401099032375896e+03
6.707848242663410019e+03
6.708295385839612209e+03
6.708742528560983374e+03
6.709189670827522605e+03
6.709636812639229902e+03
6.710083953996106175e+03
6.710531094898151423e+03
6.710978235345364737e+03
6.711425375337746118e+03
6.711872514875296474e+03
6.712319653958015806e+03
6.712766792585903204e+03
6.713213930758958668e+03
6.713661068477183107e+03
6.714108205740576523e+03
6.714555342549138004e+03
6.715002478902867551e+03
6.715449614801766074e+03
6.715896750245832663e+03
6.716343885235068228e+03
6.716791019769471859e+03
6.717238153849044465e+03
6.717685287473786047e+03
6.718132420643694786e+03
6.718579553358773410e+03
6.719026685619020100e+03
6.719473817424434856e+03
6.719920948775018587e+03
6.720368079670770385e+03
6.720815210111691158e+03
6.721262340097779997e+03
6.721709469629037812e+03
6.722156598705463693e+03
6.722603727327058550e+03
6.723050855493821473e+03
6.723497983205753371e+03
6.723945110462853336e+03
6.724392237265121366e+03
6.724839363612558373e+03
6.725286489505164354e+03
6.725733614942938402e+03
6.726180739925881426e+03
6.726627864453992515e+03
6.727074988527272581e+03
6.727522112145720712e+03
6.727969235309336909e+03
6.728416358018122082e+03
6.728863480272076231e+03
6.729310602071198446e+03
6.729757723415489636e+03
6.730204844304947983e+03
6.730651964739576215e+03
6.731099084719372513e+03
6.731546204244337787e+03
6.731993323314471127e+03
6.732440441929772533e+03
6.732887560090242914e+03
6.733334677795881362e+03
6.733781795046688785e+03
6.734228911842665184e+03
6.734676028183809649e+03
6.735123144070122180e+03
6.735570259501603687e+03
6.736017374478253259e+03
6.736464489000071808e+03
6.736911603067059332e+03
6.737358716679214012e+03
6.737805829836538578e+03
6.738252942539031210e+03
6.738700054786691908e+03
6.739147166579521581e+03
6.739594277917519321e+03
6.740041388800686036e+03
6.740488499229020817e+03
6.740935609202524574e+03
6.741382718721196397e+03
6.741829827785037196e+03
6.742276936394046061e+03
6.742724044548223901e+03
6.743171152247569808e+03
6.743618259492083780e+03
6.744065366281767638e+03
6.744512472616618652e+03
6.744959578496638642e+03
6.745406683921827607e+03
6.745853788892184639e+03
6.746300893407710646e+03
6.746747997468404719e+03
6.747195101074266859e+03
6.747642204225297974e+03
6.748089306921498064e+03
6.748536409162866221e+03
6.748983510949403353e+03
6.749430612281108552e+03
6.749877713157981816e+03
6.750324813580024056e+03
6.750771913547235272e+03
6.751219013059614554e+03
6.751666112117161902e+03
6.752113210719878225e+03
6.752560308867763524e+03
6.753007406560815980e+03
6.753454503799038321e+03
6.753901600582428728e+03
6.754348696910987201e+03
6.754795792784714649e+03
6.755242888203610164e+03
6.755689983167674654e+03
6.756137077676908120e+03
6.756584171731308743e+03
6.757031265330879251e+03
6.757478358475617824e+03
6.757925451165524464e+03
6.758372543400600080e+03
6.758819635180843761e+03
6.759266726506256418e+03
6.759713817376837142e+03
6.760160907792586841e+03
6.760607997753504605e+03
6.761055087259591346e+03
6.761502176310846153e+03
6.761949264907269935e+03
6.762396353048861783e+03
6.762843440735621698e+03
6.763290527967551498e+03
6.763737614744648454e+03
6.764184701066915295e+03
6.764631786934349293e+03
6.765078872346952267e+03
6.765525957304724216e+03
6.765973041807664231e+03
6.766420125855773222e+03
6.766867209449050279e+03
6.767314292587495402e+03
6.767761375271109500e+03
6.768208457499892575e+03
6.768655539273843715e+03
6.769102620592962921e+03
6.769549701457251103e+03
6.769996781866708261e+03
6.770443861821333485e+03
6.770890941321126775e+03
6.771338020366089040e+03
6.771785098956220281e+03
6.772232177091519588e+03
6.772679254771986962e+03
6.773126331997623311e+03
6.773573408768428635e+03
6.774020485084401116e+03
6.774467560945543482e+03
6.774914636351853915e+03
6.775361711303332413e+03
6.775808785799979887e+03
6.776255859841795427e+03
6.776702933428779943e+03
6.777150006560932525e+03
6.777597079238254082e+03
6.778044151460743706e+03
6.778491223228402305e+03
6.778938294541228970e+03
6.779385365399224611e+03
6.779832435802389227e+03
6.780279505750721000e+03
6.780726575244221749e+03
6.781173644282891473e+03
6.781620712866729264e+03
6.782067780995736030e+03
6.782514848669910862e+03
6.782961915889254669e+03
6.783408982653766543e+03
6.783856048963447392e+03
6.784303114818296308e+03
6.784750180218313290e+03
6.785197245163499247e+03
6.785644309653854179e+03
6.786091373689377178e+03
6.786538437270069153e+03
6.786985500395929193e+03
6.787432563066957300e+03
6.787879625283154382e+03
6.788326687044520440e+03
6.788773748351054564e+03
6.789220809202756755e+03
6.789667869599627920e+03
6.790114929541668062e+03
6.790561989028876269e+03
6.791009048061252543e+03
6.791456106638797792e+03
6.791903164761512016e+03
6.792350222429394307e+03
6.792797279642444664e+03
6.793244336400663997e+03
6.793691392704051395e+03
6.794138448552607770e+03
6.794585503946333120e+03
6.795032558885225626e+03
6.795479613369288018e+03
6.795926667398518475e+03
6.796373720972916999e+03
6.796820774092484498e+03
6.797267826757220064e+03
6.797714878967124605e+03
6.798161930722197212e+03
6.798608982022438795e+03
6.799056032867848444e+03
6.799503083258427068e+03
6.799950133194173759e+03
6.800397182675089425e+03
6.800844231701173157e+03
6.801291280272425865e+03
6.801738328388846639e+03
6.802185376050436389e+03
6.802632423257194205e+03
6.803079470009120087e+03
6.803526516306215854e+03
6.803973562148478777e+03
6.804420607535910676e+03
6.804867652468511551e+03
6.805314696946280492e+03
6.805761740969217499e+03
6.806208784537324391e+03
6.806655827650598440e+03
6.807102870309041464e+03
6.807549912512653464e+03
6.807996954261433530e+03
6.808443995555381662e+03
6.808891036394498769e+03
6.809338076778784853e+03
6.809785116708239002e+03
6.810232156182861218e+03
6.810679195202652409e+03
6.811126233767612575e+03
6.811573271877739899e+03
6.812020309533037107e+03
6.812467346733502382e+03
6.812914383479135722e+03
6.813361419769938038e+03
6.813808455605908421e+03
6.814255490987047779e+03
6.814702525913356112e+03
6.815149560384832512e+03
6.815596594401476978e+03
6.816043627963290419e+03
6.816490661070271926e+03
6.816937693722422409e+03
6.817384725919740958e+03
6.817831757662228483e+03
6.818278788949884074e+03
6.818725819782708641e+03
6.819172850160701273e+03
6.819619880083862881e+03
6.820066909552192556e+03
6.820513938565691205e+03
6.820960967124357921e+03
6.821407995228192704e+03
6.821855022877197371e+03
6.822302050071369194e+03
6.822749076810710903e+03
6.823196103095219769e+03
6.823643128924897610e+03
6.824090154299744427e+03
6.824537179219759309e+03
6.824984203684942258e+03
6.825431227695295092e+03
6.825878251250815083e+03
6.826325274351504049e+03
6.826772296997361991e+03
6.827219319188387999e+03
6.827666340924582073e+03
6.828113362205945123e+03
6.828560383032477148e+03
6.829007403404177239e+03
6.829454423321045397e+03
6.829901442783082530e+03
6.830348461790288638e+03
6.830795480342661904e+03
6.831242498440205054e+03
6.831689516082916271e+03
6.832136533270795553e+03
6.832583550003843811e+03
6.833030566282061045e+03
6.833477582105445435e+03
6.833924597473999711e+03
6.834371612387722053e+03
6.834818626846612460e+03
6.835265640850671844e+03
6.835712654399899293e+03
6.836159667494295718e+03
6.836606680133860209e+03
6.837053692318593676e+03
6.837500704048495209e+03
6.837947715323565717e+03
6.838394726143804291e+03
6.838841736509211842e+03
6.839288746419787458e+03
6.839735755875532050e+03
6.840182764876444708e+03
6.840629773422526341e+03
6.841076781513776041e+03
6.841523789150194716e+03
6.841970796331781457e+03
6.842417803058536265e+03
6.842864809330460048e+03
6.843311815147552807e+03
6.843758820509813631e+03
6.844205825417243432e+03
6.844652829869841298e+03
6.845099833867607231e+03
6.845546837410542139e+03
6.845993840498646023e+03
6.846440843131917973e+03
6.846887845310358898e+03
6.847334847033967890e+03
6.847781848302744947e+03
6.848228849116690981e+03
6.848675849475805080e+03
6.849122849380088155e+03
6.849569848829540206e+03
6.850016847824160322e+03
6.850463846363948505e+03
6.850910844448905664e+03
6.851357842079030888e+03
6.851804839254325998e+03
6.852251835974788264e+03
6.852698832240419506e+03
6.853145828051218814e+03
6.853592823407187097e+03
6.854039818308323447e+03
6.854486812754628772e+03
6.854933806746102164e+03
6.855380800282744531e+03
6.855827793364554964e+03
6.856274785991534372e+03
6.856721778163682757e+03
6.857168769880998298e+03
6.857615761143482814e+03
6.858062751951136306e+03
6.858509742303958774e+03
6.858956732201948398e+03
6.859403721645106998e+03
6.859850710633434574e+03
6.860297699166930215e+03
6.860744687245594832e+03
6.861191674869427516e+03
6.861638662038429175e+03
6.862085648752598900e+03
6.862532635011937600e+03
6.862979620816444367e+03
6.863426606166119200e+03
6.863873591060963008e+03
6.864320575500975792e+03
6.864767559486156642e+03
6.865214543016505559e+03
6.865661526092024360e+03
6.866108508712710318e+03
6.866555490878565251e+03
6.867002472589589161e+03
6.867449453845780226e+03
6.867896434647141177e+03
6.868343414993670194e+03
6.868790394885367277e+03
6.869237374322233336e+03
6.869684353304268370e+03
6.870131331831471471e+03
6.870578309903842637e+03
6.871025287521382779e+03
6.871472264684090987e+03
6.871919241391968171e+03
6.872366217645014331e+03
6.872813193443227647e+03
6.873260168786610848e+03
6.873707143675162115e+03
6.874154118108881448e+03
6.874601092087769757e+03
6.875048065611826132e+03
6.875495038681051483e+03
6.875942011295444900e+03
6.876388983455007292e+03
6.876835955159737750e+03
6.877282926409637184e+03
6.877729897204704685e+03
6.878176867544941160e+03
6.878623837430345702e+03
6.879070806860919220e+03
6.879517775836660803e+03
6.879964744357571362e+03
6.880411712423649988e+03
6.880858680034896679e+03
6.881305647191313255e+03
6.881752613892896989e+03
6.882199580139649697e+03
6.882646545931571382e+03
6.883093511268661132e+03
6.883540476150919858e+03
6.883987440578346650e+03
6.884434404550941508e+03
6.884881368068705342e+03
6.885328331131638151e+03
6.885775293739739027e+03
6.886222255893007969e+03
6.886669217591445886e+03
6.887116178835052779e+03
6.887563139623827738e+03
6.888010099957770763e+03
6.888457059836882763e+03
6.888904019261163739e+03
6.889350978230611872e+03
6.889797936745229890e+03
6.890244894805015974e+03
6.890691852409970124e+03
6.891138809560093250e+03
6.891585766255384442e+03
6.892032722495844610e+03
6.892479678281473753e+03
6.892926633612270962e+03
6.893373588488236237e+03
6.893820542909370488e+03
6.894267496875672805e+03
6.894714450387144097e+03
6.895161403443783456e+03
6.895608356045591790e+03
6.896055308192568191e+03
6.896502259884713567e+03
6.896949211122027009e+03
6.897396161904509427e+03
6.897843112232159910e+03
6.898290062104979370e+03
6.898737011522966895e+03
6.899183960486123397e+03
6.899630908994447964e+03
6.900077857047940597e+03
6.900524804646602206e+03
6.900971751790432791e+03
6.901418698479431441e+03
6.901865644713599067e+03
6.902312590492934760e+03
6.902759535817438518e+03
6.903206480687112162e+03
6.903653425101952962e+03
6.904100369061962738e+03
6.904547312567141489e+03
6.904994255617488307e+03
6.905441198213003190e+03
6.905888140353687049e+03
6.906335082039539884e+03
6.906782023270560785e+03
6.907228964046749752e+03
6.907675904368107695e+03
6.908122844234634613e+03
6.908569783646329597e+03
6.909016722603192648e+03
6.909463661105224674e+03
6.909910599152424766e+03
6.910357536744793833e+03
6.910804473882331877e+03
6.911251410565037077e+03
6.911698346792912162e+03
6.912145282565955313e+03
6.912592217884166530e+03
6.913039152747546723e+03
6.913486087156094982e+03
6.913933021109812216e+03
6.914379954608697517e+03
6.914826887652751793e+03
6.915273820241974136e+03
6.915720752376365454e+03
6.916167684055924838e+03
6.916614615280653197e+03
6.917061546050549623e+03
6.917508476365615024e+03
6.917955406225848492e+03
6.918402335631250935e+03
6.918849264581821444e+03
6.919296193077560929e+03
6.919743121118468480e+03
6.920190048704544097e+03
6.920636975835788689e+03
6.921083902512202258e+03
6.921530828733783892e+03
6.921977754500534502e+03
6.922424679812453178e+03
6.922871604669540829e+03
6.923318529071795638e+03
6.923765453019220331e+03
6.924212376511813090e+03
6.924659299549574826e+03
6.925106222132504627e+03
6.925553144260602494e+03
6.926000065933869337e+03
6.926446987152305155e+03
6.926893907915908130e+03
6.927340828224680990e+03
6.927787748078621917e+03
6.928234667477730909e+03
6.928681586422008877e+03
6.929128504911455821e+03
6.929575422946070830e+03
6.930022340525853906e+03
6.930469257650805957e+03
6.930916174320926075e+03
6.931363090536215168e+03
6.931810006296672327e+03
6.932256921602298462e+03
6.932703836453092663e+03
6.933150750849055839e+03
6.933597664790187991e+03
6.934044578276487300e+03
6.934491491307956494e+03
6.934938403884592844e+03
6.935385316006399080e+03
6.935832227673372472e+03
6.936279138885515749e+03
6.936726049642826183e+03
6.937172959945306502e+03
6.937619869792953978e+03
6.938066779185770429e+03
6.938513688123755855e+03
6.938960596606909348e+03
6.939407504635231817e+03
6.939854412208722351e+03
6.940301319327381862e+03
6.940748225991209438e+03
6.941195132200205080e+03
6.941642037954369698e+03
6.942088943253703292e+03
6.942535848098204951e+03
6.942982752487874677e+03
6.943429656422714288e+03
6.943876559902721056e+03
6.944323462927896799e+03
6.944770365498241517e+03
6.945217267613754302e+03
6.945664169274435153e+03
6.946111070480284980e+03
6.946557971231302872e+03
6.947004871527489740e+03
6.947451771368845584e+03
6.947898670755369494e+03
6.948345569687061470e+03
6.948792468163922422e+03
6.949239366185951440e+03
6.949686263753149433e+03
6.950133160865516402e+03
6.950580057523051437e+03
6.951026953725754538e+03
6.951473849473626615e+03
6.951920744766666758e+03
6.952367639604875876e+03
6.952814533988253061e+03
6.953261427916799221e+03
6.953708321390513447e+03
6.954155214409396649e+03
6.954602106973447917e+03
6.955048999082668161e+03
6.955495890737056470e+03
6.955942781936613756e+03
6.956389672681339107e+03
6.956836562971233434e+03
6.957283452806295827e+03
6.957730342186527196e+03
6.958177231111926631e+03
6.958624119582495041e+03
6.959071007598231517e+03
6.959517895159136060e+03
6.959964782265209578e+03
6.960411668916452072e+03
6.960858555112862632e+03
6.961305440854442168e+03
6.961752326141189769e+03
6.962199210973105437e+03
6.962646095350190080e+03
6.963092979272443699e+03
6.963539862739865384e+03
6.963986745752455136e+03
6.964433628310213862e+03
6.964880510413141565e+03
6.965327392061237333e+03
6.965774273254501168e+03
6.966221153992933978e+03
6.966668034276535764e+03
6.967114914105305616e+03
6.967561793479243534e+03
6.968008672398350427e+03
6.968455550862625387e+03
6.968902428872069322e+03
6.969349306426682233e+03
6.969796183526462301e+03
6.970243060171412253e+03
6.970689936361530272e+03
6.971136812096816357e+03
6.971583687377271417e+03
6.972030562202894544e+03
6.972477436573686646e+03
6.972924310489646814e+03
6.973371183950775958e+03
6.973818056957073168e+03
6.974264929508539353e+03
6.974711801605173605e+03
6.975158673246976832e+03
6.975605544433948126e+03
6.976052415166088394e+03
6.976499285443396730e+03
6.976946155265874040e+03
6.977393024633519417e+03
6.977839893546333769e+03
6.978286762004316188e+03
6.978733630007466672e+03
6.979180497555786133e+03
6.979627364649274568e+03
6.980074231287931070e+03
6.980521097471756548e+03
6.980967963200750091e+03
6.981414828474911701e+03
6.981861693294242286e+03
6.982308557658741847e+03
6.982755421568409474e+03
6.983202285023245167e+03
6.983649148023249836e+03
6.984096010568423480e+03
6.984542872658765191e+03
6.984989734294274967e+03
6.985436595474953720e+03
6.985883456200801447e+03
6.986330316471817241e+03
6.986777176288001101e+03
6.987224035649353937e+03
6.987670894555874838e+03
6.988117753007564716e+03
6.988564611004423568e+03
6.989011468546450487e+03
6.989458325633645472e+03
6.989905182266009433e+03
6.990352038443541460e+03
6.990798894166242462e+03
6.991245749434111531e+03
6.991692604247149575e+03
6.992139458605355685e+03
6.992586312508730771e+03
6.993033165957273923e+03
6.993480018950986050e+03
6.993926871489866244e+03
6.994373723573915413e+03
6.994820575203132648e+03
6.995267426377518859e+03
6.995714277097073136e+03
6.996161127361796389e+03
6.996607977171687708e+03
6.997054826526748002e+03
6.997501675426976362e+03
6.997948523872373698e+03
6.998395371862938191e+03
6.998842219398672569e+03
6.999289066479575013e+03
6.999735913105646432e+03
7.000182759276885918e+03
7.000629604993293469e+03
7.001076450254869997e+03
7.001523295061615499e+03
7.001970139413529068e+03
7.002416983310611613e+03
7.002863826752862224e+03
7.003310669740280900e+03
7.003757512272868553e+03
7.004204354350625181e+03
7.004651195973548965e+03
7.005098037141642635e+03
7.005544877854904371e+03
7.005991718113335082e+03
7.006438557916932950e+03
7.006885397265700703e+03
7.007332236159636523e+03
7.007779074598740408e+03
7.008225912583013269e+03
7.008672750112454196e+03
7.009119587187064099e+03
7.009566423806842067e+03
7.010013259971789012e+03
7.010460095681904932e+03
7.010906930937188008e+03
7.011353765737640970e+03
7.011800600083261088e+03
7.012247433974051091e+03
7.012694267410008251e+03
7.013141100391135296e+03
7.013587932917429498e+03
7.014034764988893585e+03
7.014481596605524828e+03
7.014928427767325047e+03
7.015375258474294242e+03
7.015822088726431502e+03
7.016268918523737739e+03
7.016715747866212041e+03
7.017162576753855319e+03
7.017609405186666663e+03
7.018056233164646983e+03
7.018503060687795369e+03
7.018949887756111821e+03
7.019396714369597248e+03
7.019843540528251651e+03
7.020290366232074120e+03
7.020737191481065565e+03
7.021184016275225076e+03
7.021630840614552653e+03
7.022077664499049206e+03
7.022524487928714734e+03
7.022971310903548328e+03
7.023418133423549989e+03
7.023864955488720625e+03
7.024311777099060237e+03
7.024758598254567914e+03
7.025205418955243658e+03
7.025652239201088378e+03
7.026099058992101163e+03
7.026545878328282924e+03
7.026992697209633661e+03
7.027439515636151555e+03
