6.111666523848091856e+03
6.112114297013537907e+03
6.112562069714954305e+03
6.113009841952340139e+03
6.113457613725697229e+03
6.113905385035024665e+03
6.114353155880321538e+03
6.114800926261589666e+03
6.115248696178827231e+03
6.115696465632035142e+03
6.116144234621214309e+03
6.116592003146362913e+03
6.117039771207481863e+03
6.117487538804571159e+03
6.117935305937630801e+03
6.118383072606660789e+03
6.118830838811661124e+03
6.119278604552631805e+03
6.119726369829572832e+03
6.120174134642484205e+03
6.120621898991365924e+03
6.121069662876217080e+03
6.121517426297039492e+03
6.121965189253832250e+03
6.122412951746594445e+03
6.122860713775327895e+03
6.123308475340030782e+03
6.123756236440704015e+03
6.124203997077348504e+03
6.124651757249962429e+03
6.125099516958546701e+03
6.125547276203101319e+03
6.125995034983626283e+03
6.126442793300121593e+03
6.126890551152587250e+03
6.127338308541023252e+03
6.127786065465429601e+03
6.128233821925806296e+03
6.128681577922153338e+03
6.129129333454469815e+03
6.129577088522757549e+03
6.130024843127015629e+03
6.130472597267243145e+03
6.130920350943441917e+03
6.131368104155610126e+03
6.131815856903748681e+03
6.132263609187858492e+03
6.132711361007937739e+03
6.133159112363987333e+03
6.133606863256007273e+03
6.134054613683997559e+03
6.134502363647958191e+03
6.134950113147889169e+03
6.135397862183790494e+03
6.135845610755662165e+03
6.136293358863504181e+03
6.136741106507315635e+03
6.137188853687098344e+03
6.137636600402851400e+03
6.138084346654573892e+03
6.138532092442267640e+03
6.138979837765930824e+03
6.139427582625565265e+03
6.139875327021169142e+03
6.140323070952743365e+03
6.140770814420287934e+03
6.141218557423803759e+03
6.141666299963289021e+03
6.142114042038744628e+03
6.142561783650170582e+03
6.143009524797566883e+03
6.143457265480932620e+03
6.143905005700269612e+03
6.144352745455576951e+03
6.144800484746854636e+03
6.145248223574101758e+03
6.145695961937320135e+03
6.146143699836508858e+03
6.146591437271667019e+03
6.147039174242796435e+03
6.147486910749895287e+03
6.147934646792964486e+03
6.148382382372004031e+03
6.148830117487014832e+03
6.149277852137995069e+03
6.149725586324945652e+03
6.150173320047866582e+03
6.150621053306757858e+03
6.151068786101619480e+03
6.151516518432451448e+03
6.151964250299253763e+03
6.152411981702025514e+03
6.152859712640768521e+03
6.153307443115481874e+03
6.153755173126164664e+03
6.154202902672818709e+03
6.154650631755442191e+03
6.155098360374036929e+03
6.155546088528601103e+03
6.155993816219135624e+03
6.156441543445640491e+03
6.156889270208116614e+03
6.157336996506562173e+03
6.157784722340978078e+03
6.158232447711364330e+03
6.158680172617720928e+03
6.159127897060047871e+03
6.159575621038345162e+03
6.160023344552611889e+03
6.160471067602849871e+03
6.160918790189058200e+03
6.161366512311235965e+03
6.161814233969384986e+03
6.162261955163504354e+03
6.162709675893593158e+03
6.163157396159652308e+03
6.163605115961682714e+03
6.164052835299682556e+03
6.164500554173652745e+03
6.164948272583593280e+03
6.165395990529505070e+03
6.165843708011386298e+03
6.166291425029237871e+03
6.166739141583059791e+03
6.167186857672851147e+03
6.167634573298613759e+03
6.168082288460346717e+03
6.168530003158050022e+03
6.168977717391722763e+03
6.169425431161366760e+03
6.169873144466981103e+03
6.170320857308564882e+03
6.170768569686119918e+03
6.171216281599644390e+03
6.171663993049139208e+03
6.172111704034605282e+03
6.172559414556040792e+03
6.173007124613446649e+03
6.173454834206822852e+03
6.173902543336169401e+03
6.174350252001486297e+03
6.174797960202773538e+03
6.175245667940031126e+03
6.175693375213259060e+03
6.176141082022456430e+03
6.176588788367625057e+03
6.177036494248764029e+03
6.177484199665872438e+03
6.177931904618952103e+03
6.178379609108001205e+03
6.178827313133021562e+03
6.179275016694011356e+03
6.179722719790972405e+03
6.180170422423902892e+03
6.180618124592803724e+03
6.181065826297674903e+03
6.181513527538516428e+03
6.181961228315328299e+03
6.182408928628110516e+03
6.182856628476863079e+03
6.183304327861585989e+03
6.183752026782279245e+03
6.184199725238942847e+03
6.184647423231575885e+03
6.185095120760180180e+03
6.185542817824754820e+03
6.185990514425298898e+03
6.186438210561813321e+03
6.186885906234299000e+03
6.187333601442754116e+03
6.187781296187180487e+03
6.188228990467576295e+03
6.188676684283942450e+03
6.189124377636278950e+03
6.189572070524585797e+03
6.190019762948862990e+03
6.190467454909110529e+03
6.190915146405328414e+03
6.191362837437516646e+03
6.191810528005675224e+03
6.192258218109803238e+03
6.192705907749902508e+03
6.193153596925972124e+03
6.193601285638011177e+03
6.194048973886021486e+03
6.194496661670001231e+03
6.194944348989952232e+03
6.195392035845872670e+03
6.195839722237763453e+03
6.196287408165625493e+03
6.196735093629456969e+03
6.197182778629258792e+03
6.197630463165030960e+03
6.198078147236773475e+03
6.198525830844486336e+03
6.198973513988169543e+03
6.199421196667823097e+03
6.199868878883446087e+03
6.200316560635040332e+03
6.200764241922604924e+03
6.201211922746138953e+03
6.201659603105644237e+03
6.202107283001118958e+03
6.202554962432564935e+03
6.203002641399980348e+03
6.203450319903367017e+03
6.203897997942723123e+03
6.204345675518049575e+03
6.204793352629346373e+03
6.205241029276613517e+03
6.205688705459851008e+03
6.206136381179058844e+03
6.206584056434237027e+03
6.207031731225385556e+03
6.207479405552504431e+03
6.207927079415593653e+03
6.208374752814652311e+03
6.208822425749682225e+03
6.209270098220682485e+03
6.209717770227652181e+03
6.210165441770593134e+03
6.210613112849503523e+03
6.211060783464384258e+03
6.211508453615236249e+03
6.211956123302057676e+03
6.212403792524849450e+03
6.212851461283611570e+03
6.213299129578344036e+03
6.213746797409046849e+03
6.214194464775720007e+03
6.214642131678363512e+03
6.215089798116977363e+03
6.215537464091561560e+03
6.215985129602116103e+03
6.216432794648640083e+03
6.216880459231135319e+03
6.217328123349600901e+03
6.217775787004035919e+03
6.218223450194442194e+03
6.218671112920817905e+03
6.219118775183163962e+03
6.219566436981481274e+03
6.220014098315768024e+03
6.220461759186025120e+03
6.220909419592252561e+03
6.221357079534450349e+03
6.221804739012618484e+03
6.222252398026756964e+03
6.222700056576865791e+03
6.223147714662944963e+03
6.223595372284994482e+03
6.224043029443014348e+03
6.224490686137003649e+03
6.224938342366964207e+03
6.225385998132895111e+03
6.225833653434795451e+03
6.226281308272666138e+03
6.226728962646508080e+03
6.227176616556319459e+03
6.227624270002101184e+03
6.228071922983854165e+03
6.228519575501576583e+03
6.228967227555269346e+03
6.229414879144932456e+03
6.229862530270565912e+03
6.230310180932169715e+03
6.230757831129743863e+03
6.231205480863288358e+03
6.231653130132803199e+03
6.232100778938287476e+03
6.232548427279743009e+03
6.232996075157167979e+03
6.233443722570564205e+03
6.233891369519930777e+03
6.234339016005266785e+03
6.234786662026573140e+03
6.235234307583850750e+03
6.235681952677097797e+03
6.236129597306315191e+03
6.236577241471502930e+03
6.237024885172661016e+03
6.237472528409789447e+03
6.237920171182888225e+03
6.238367813491957349e+03
6.238815455336996820e+03
6.239263096718006636e+03
6.239710737634986799e+03
6.240158378087937308e+03
6.240606018076857254e+03
6.241053657601748455e+03
6.241501296662609093e+03
6.241948935259440987e+03
6.242396573392242317e+03
6.242844211061014903e+03
6.243291848265756926e+03
6.243739485006469295e+03
6.244187121283152010e+03
6.244634757095805071e+03
6.245082392444429388e+03
6.245530027329023142e+03
6.245977661749587242e+03
6.246425295706120778e+03
6.246872929198625570e+03
6.247320562227100709e+03
6.247768194791546193e+03
6.248215826891962024e+03
6.248663458528347292e+03
6.249111089700703815e+03
6.249558720409029775e+03
6.250006350653326990e+03
6.250453980433593642e+03
6.250901609749831550e+03
6.251349238602038895e+03
6.251796866990216586e+03
6.252244494914364623e+03
6.252692122374483006e+03
6.253139749370571735e+03
6.253587375902630811e+03
6.254035001970660232e+03
6.254482627574660000e+03
6.254930252714630114e+03
6.255377877390570575e+03
6.255825501602481381e+03
6.256273125350361624e+03
6.256720748634213123e+03
6.257168371454034968e+03
6.257615993809826250e+03
6.258063615701588787e+03
6.258511237129320762e+03
6.258958858093023082e+03
6.259406478592696658e+03
6.259854098628339671e+03
6.260301718199953029e+03
6.260749337307536734e+03
6.261196955951090786e+03
6.261644574130615183e+03
6.262092191846109927e+03
6.262539809097575016e+03
6.262987425885010452e+03
6.263435042208415325e+03
6.263882658067791454e+03
6.264330273463137928e+03
6.264777888394453839e+03
6.265225502861741006e+03
6.265673116864998519e+03
6.266120730404225469e+03
6.266568343479422765e+03
6.267015956090591317e+03
6.267463568237729305e+03
6.267911179920837640e+03
6.268358791139916320e+03
6.268806401894965347e+03
6.269254012185984720e+03
6.269701622012974440e+03
6.270149231375934505e+03
6.270596840274864917e+03
6.271044448709765675e+03
6.271492056680636779e+03
6.271939664187477320e+03
6.272387271230289116e+03
6.272834877809071259e+03
6.273282483923822838e+03
6.273730089574545673e+03
6.274177694761237944e+03
6.274625299483901472e+03
6.275072903742534436e+03
6.275520507537137746e+03
6.275968110867711403e+03
6.276415713734255405e+03
6.276863316136770663e+03
6.277310918075255358e+03
6.277758519549710400e+03
6.278206120560134877e+03
6.278653721106530611e+03
6.279101321188896691e+03
6.279548920807233117e+03
6.279996519961539889e+03
6.280444118651816098e+03
6.280891716878063562e+03
6.281339314640280463e+03
6.281786911938468620e+03
6.282234508772626214e+03
6.282682105142754153e+03
6.283129701048853349e+03
6.283577296490921981e+03
6.284024891468960959e+03
6.284472485982970284e+03
6.284920080032949954e+03
6.285367673618899971e+03
6.285815266740820334e+03
6.286262859398711043e+03
6.286710451592572099e+03
6.287158043322403500e+03
6.287605634588205248e+03
6.288053225389976433e+03
6.288500815727718873e+03
6.288948405601430750e+03
6.289395995011113882e+03
6.289843583956766452e+03
6.290291172438390277e+03
6.290738760455983538e+03
6.291186348009547146e+03
6.291633935099082009e+03
6.292081521724586310e+03
6.292529107886060956e+03
6.292976693583505948e+03
6.293424278816921287e+03
6.293871863586306972e+03
6.294319447891663003e+03
6.294767031732989381e+03
6.295214615110285195e+03
6.295662198023552264e+03
6.296109780472789680e+03
6.296557362457996533e+03
6.297004943979174641e+03
6.297452525036322186e+03
6.297900105629440986e+03
6.298347685758529224e+03
6.298795265423588717e+03
6.299242844624617646e+03
6.299690423361616922e+03
6.300138001634586544e+03
6.300585579443526512e+03
6.301033156788436827e+03
6.301480733669317488e+03
6.301928310086168494e+03
6.302375886038989847e+03
6.302823461527781546e+03
6.303271036552543592e+03
6.303718611113275074e+03
6.304166185209977812e+03
6.304613758842650896e+03
6.305061332011293416e+03
6.305508904715907192e+03
6.305956476956490405e+03
6.306404048733043965e+03
6.306851620045568779e+03
6.307299190894063031e+03
6.307746761278527629e+03
6.308194331198962573e+03
6.308641900655367863e+03
6.309089469647743499e+03
6.309537038176089482e+03
6.309984606240405810e+03
6.310432173840692485e+03
6.310879740976949506e+03
6.311327307649176873e+03
6.311774873857373677e+03
6.312222439601541737e+03
6.312670004881680143e+03
6.313117569697787985e+03
6.313565134049867083e+03
6.314012697937915618e+03
6.314460261361934499e+03
6.314907824321924636e+03
6.315355386817884209e+03
6.315802948849814129e+03
6.316250510417714395e+03
6.316698071521585007e+03
6.317145632161425965e+03
6.317593192337237269e+03
6.318040752049018920e+03
6.318488311296770917e+03
6.318935870080493260e+03
6.319383428400185039e+03
6.319830986255848075e+03
6.320278543647481456e+03
6.320726100575084274e+03
6.321173657038658348e+03
6.321621213038201859e+03
6.322068768573716625e+03
6.322516323645200828e+03
6.322963878252655377e+03
6.323411432396080272e+03
6.323858986075476423e+03
6.324306539290842011e+03
6.324754092042177945e+03
6.325201644329484225e+03
6.325649196152760851e+03
6.326096747512007823e+03
6.326544298407224233e+03
6.326991848838411897e+03
6.327439398805569908e+03
6.327886948308698265e+03
6.328334497347796059e+03
6.328782045922865109e+03
6.329229594033903595e+03
6.329677141680913337e+03
6.330124688863892516e+03
6.330572235582842040e+03
6.331019781837762821e+03
6.331467327628653038e+03
6.331914872955513601e+03
6.332362417818344511e+03
6.332809962217145767e+03
6.333257506151917369e+03
6.333705049622659317e+03
6.334152592629371611e+03
6.334600135172054252e+03
6.335047677250706329e+03
6.335495218865329662e+03
6.335942760015923341e+03
6.336390300702486456e+03
6.336837840925020828e+03
6.337285380683524636e+03
6.337732919977999700e+03
6.338180458808444200e+03
6.338627997174859047e+03
6.339075535077245149e+03
6.339523072515600688e+03
6.339970609489926574e+03
6.340418146000222805e+03
6.340865682046489383e+03
6.341313217628726306e+03
6.341760752746933576e+03
6.342208287401111193e+03
6.342655821591259155e+03
6.343103355317376554e+03
6.343550888579465209e+03
6.343998421377524210e+03
6.344445953711552647e+03
6.344893485581552341e+03
6.345341016987521471e+03
6.345788547929461856e+03
6.346236078407371679e+03
6.346683608421251847e+03
6.347131137971102362e+03
6.347578667056924132e+03
6.348026195678715339e+03
6.348473723836476893e+03
6.348921251530208792e+03
6.349368778759911038e+03
6.349816305525583630e+03
6.350263831827226568e+03
6.350711357664838943e+03
6.351158883038422573e+03
6.351606407947976550e+03
6.352053932393499963e+03
6.352501456374994632e+03
6.352948979892458738e+03
6.353396502945894099e+03
6.353844025535298897e+03
6.354291547660674951e+03
6.354739069322020441e+03
6.355186590519336278e+03
6.355634111252622461e+03
6.356081631521878990e+03
6.356529151327105865e+03
6.356976670668303086e+03
6.357424189545470654e+03
6.357871707958608567e+03
6.358319225907716827e+03
6.358766743392795433e+03
6.359214260413844386e+03
6.359661776970862775e+03
6.360109293063852419e+03
6.360556808692811501e+03
6.361004323857741838e+03
6.361451838558641612e+03
6.361899352795512641e+03
6.362346866568353107e+03
6.362794379877163919e+03
6.363241892721945078e+03
6.363689405102697492e+03
6.364136917019419343e+03
6.364584428472111540e+03
6.365031939460774083e+03
6.365479449985406973e+03
6.365926960046009299e+03
6.366374469642582881e+03
6.366821978775126809e+03
6.367269487443641083e+03
6.367716995648124794e+03
6.368164503388579760e+03
6.368612010665004163e+03
6.369059517477399822e+03
6.369507023825764918e+03
6.369954529710101269e+03
6.370402035130407057e+03
6.370849540086683191e+03
6.371297044578929672e+03
6.371744548607147408e+03
6.372192052171334581e+03
6.372639555271492100e+03
6.373087057907619965e+03
6.373534560079717266e+03
6.373982061787785824e+03
6.374429563031824728e+03
6.374877063811833978e+03
6.375324564127813574e+03
6.375772063979762606e+03
6.376219563367682895e+03
6.376667062291572620e+03
6.377114560751433601e+03
6.377562058747264018e+03
6.378009556279064782e+03
6.378457053346836801e+03
6.378904549950578257e+03
6.379352046090290060e+03
6.379799541765972208e+03
6.380247036977624703e+03
6.380694531725247543e+03
6.381142026008840730e+03
6.381589519828404264e+03
6.382037013183938143e+03
6.382484506075442368e+03
6.382931998502916940e+03
6.383379490466360949e+03
6.383826981965776213e+03
6.384274473001160914e+03
6.384721963572516870e+03
6.385169453679842263e+03
6.385616943323138912e+03
6.386064432502404998e+03
6.386511921217641429e+03
6.386959409468849117e+03
6.387406897256026241e+03
6.387854384579173711e+03
6.388301871438291528e+03
6.388749357833379690e+03
6.389196843764438199e+03
6.389644329231467054e+03
6.390091814234465346e+03
6.390539298773434894e+03
6.390986782848374787e+03
6.391434266459285027e+03
6.391881749606164703e+03
6.392329232289015636e+03
6.392776714507836004e+03
6.393224196262627629e+03
6.393671677553388690e+03
6.394119158380120098e+03
6.394566638742822761e+03
6.395014118641494861e+03
6.395461598076137307e+03
6.395909077046750099e+03
6.396356555553333237e+03
6.396804033595886722e+03
6.397251511174410552e+03
6.397698988288904729e+03
6.398146464939369253e+03
6.398593941125803212e+03
6.399041416848208428e+03
6.399488892106583990e+03
6.399936366900928988e+03
6.400383841231245242e+03
6.400831315097530933e+03
6.401278788499787879e+03
6.401726261438014262e+03
6.402173733912210992e+03
6.402621205922378977e+03
6.403068677468516398e+03
6.403516148550624166e+03
6.403963619168702280e+03
6.404411089322750740e+03
6.404858559012769547e+03
6.405306028238758699e+03
6.405753497000718198e+03
6.406200965298648043e+03
6.406648433132547325e+03
6.407095900502417862e+03
6.407543367408258746e+03
6.407990833850069066e+03
6.408438299827850642e+03
6.408885765341601655e+03
6.409333230391323923e+03
6.409780694977015628e+03
6.410228159098677679e+03
6.410675622756310986e+03
6.411123085949913730e+03
6.411570548679486819e+03
6.412018010945030255e+03
6.412465472746544037e+03
6.412912934084028166e+03
6.413360394957482640e+03
6.413807855366907461e+03
6.414255315312301718e+03
6.414702774793667231e+03
6.415150233811003091e+03
6.415597692364308386e+03
6.416045150453584938e+03
6.416492608078830926e+03
6.416940065240048170e+03
6.417387521937234851e+03
6.417834978170392787e+03
6.418282433939520160e+03
6.418729889244617880e+03
6.419177344085685945e+03
6.419624798462724357e+03
6.420072252375733115e+03
6.420519705824712219e+03
6.420967158809661669e+03
6.421414611330581465e+03
6.421862063387471608e+03
6.422309514980332096e+03
6.422756966109162022e+03
6.423204416773963203e+03
6.423651866974734730e+03
6.424099316711475694e+03
6.424546765984187914e+03
6.424994214792869570e+03
6.425441663137521573e+03
6.425889111018144831e+03
6.426336558434737526e+03
6.426784005387300567e+03
6.427231451875833955e+03
6.427678897900337688e+03
6.428126343460811768e+03
6.428573788557256194e+03
6.429021233189670966e+03
6.429468677358056084e+03
6.429916121062411548e+03
6.430363564302737359e+03
6.430811007079033516e+03
6.431258449391299109e+03
6.431705891239535958e+03
6.432153332623742244e+03
6.432600773543919786e+03
6.433048214000066764e+03
6.433495653992184089e+03
6.433943093520272669e+03
6.434390532584330685e+03
6.434837971184359048e+03
6.435285409320357758e+03
6.435732846992326813e+03
6.436180284200266215e+03
6.436627720944175962e+03
6.437075157224056056e+03
6.437522593039906496e+03
6.437970028391727283e+03
6.438417463279518415e+03
6.438864897703278984e+03
6.439312331663010809e+03
6.439759765158712980e+03
6.440207198190384588e+03
6.440654630758026542e+03
6.441102062861639752e+03
6.441549494501222398e+03
6.441996925676776300e+03
6.442444356388299639e+03
6.442891786635793324e+03
6.443339216419257355e+03
6.443786645738691732e+03
6.444234074594096455e+03
6.444681502985471525e+03
6.445128930912816941e+03
6.445576358376132703e+03
6.446023785375418811e+03
6.446471211910674356e+03
6.446918637981901156e+03
6.447366063589098303e+03
6.447813488732264886e+03
6.448260913411402726e+03
6.448708337626510001e+03
6.449155761377587623e+03
6.449603184664636501e+03
6.450050607487654815e+03
6.450498029846643476e+03
6.450945451741602483e+03
6.451392873172531836e+03
6.451840294139432444e+03
6.452287714642301580e+03
6.452735134681141972e+03
6.453182554255952709e+03
6.453629973366733793e+03
6.454077392013485223e+03
6.454524810196207000e+03
6.454972227914898212e+03
6.455419645169560681e+03
6.455867061960192586e+03
6.456314478286795747e+03
6.456761894149368345e+03
6.457209309547912198e+03
6.457656724482425489e+03
6.458104138952909125e+03
6.458551552959363107e+03
6.458998966501788345e+03
6.459446379580183020e+03
6.459893792194548041e+03
6.460341204344883408e+03
6.460788616031189122e+03
6.461236027253464272e+03
6.461683438011710678e+03
6.462130848305927429e+03
6.462578258136114528e+03
6.463025667502271062e+03
6.463473076404398853e+03
6.463920484842496080e+03
6.464367892816564563e+03
6.464815300326602483e+03
6.465262707372611658e+03
6.465710113954590270e+03
6.466157520072539228e+03
6.466604925726458532e+03
6.467052330916349092e+03
6.467499735642209089e+03
6.467947139904039432e+03
6.468394543701840121e+03
6.468841947035611156e+03
6.469289349905351628e+03
6.469736752311063356e+03
6.470184154252745429e+03
6.470631555730396940e+03
6.471078956744019706e+03
6.471526357293612818e+03
6.471973757379175368e+03
6.472421157000709172e+03
6.472868556158212414e+03
6.473315954851686001e+03
6.473763353081130845e+03
6.474210750846545125e+03
6.474658148147929751e+03
6.475105544985284723e+03
6.475552941358610042e+03
6.476000337267905707e+03
6.476447732713171717e+03
6.476895127694408075e+03
6.477342522211614778e+03
6.477789916264791827e+03
6.478237309853938314e+03
6.478684702979056055e+03
6.479132095640144144e+03
6.479579487837201668e+03
6.480026879570230449e+03
6.480474270839228666e+03
6.480921661644198139e+03
6.481369051985137048e+03
6.481816441862046304e+03
6.482263831274925906e+03
6.482711220223776763e+03
6.483158608708597058e+03
6.483605996729387698e+03
6.484053384286148685e+03
6.484500771378880017e+03
6.484948158007580787e+03
6.485395544172252812e+03
6.485842929872895184e+03
6.486290315109507901e+03
6.486737699882090055e+03
6.487185084190643465e+03
6.487632468035166312e+03
6.488079851415660414e+03
6.488527234332123953e+03
6.488974616784558748e+03
6.489421998772962979e+03
6.489869380297337557e+03
6.490316761357683390e+03
6.490764141953998660e+03
6.491211522086284276e+03
6.491658901754540238e+03
6.492106280958766547e+03
6.492553659698963202e+03
6.493001037975130203e+03
6.493448415787266640e+03
6.493895793135374333e+03
6.494343170019452373e+03
6.494790546439499849e+03
6.495237922395518581e+03
6.495685297887506749e+03
6.496132672915466173e+03
6.496580047479395034e+03
6.497027421579295151e+03
6.497474795215164704e+03
6.497922168387004604e+03
6.498369541094814849e+03
6.498816913338596351e+03
6.499264285118347289e+03
6.499711656434068573e+03
6.500159027285760203e+03
6.500606397673422180e+03
6.501053767597053593e+03
6.501501137056656262e+03
6.501948506052229277e+03
6.502395874583772638e+03
6.502843242651285436e+03
6.503290610254769490e+03
6.503737977394222980e+03
6.504185344069647726e+03
6.504632710281041909e+03
6.505080076028406438e+03
6.505527441311742223e+03
6.505974806131047444e+03
6.506422170486323012e+03
6.506869534377568925e+03
6.507316897804785185e+03
6.507764260767971791e+03
6.508211623267128743e+03
6.508658985302256042e+03
6.509106346873353687e+03
6.509553707980421677e+03
6.510001068623459105e+03
6.510448428802467788e+03
6.510895788517446817e+03
6.511343147768395283e+03
6.511790506555315005e+03
6.512237864878204164e+03
6.512685222737064578e+03
6.513132580131894429e+03
6.513579937062694626e+03
6.514027293529465169e+03
6.514474649532206968e+03
6.514922005070918203e+03
6.515369360145599785e+03
6.515816714756251713e+03
6.516264068902873987e+03
6.516711422585465698e+03
6.517158775804028664e+03
6.517606128558561977e+03
6.518053480849065636e+03
6.518500832675538732e+03
6.518948184037983083e+03
6.519395534936396871e+03
6.519842885370781914e+03
6.520290235341136395e+03
6.520737584847462131e+03
6.521184933889757303e+03
6.521632282468022822e+03
6.522079630582258687e+03
6.522526978232465808e+03
6.522974325418642366e+03
6.523421672140789269e+03
6.523869018398906519e+03
6.524316364192994115e+03
6.524763709523051148e+03
6.525211054389079436e+03
6.525658398791078071e+03
6.526105742729047051e+03
6.526553086202985469e+03
6.527000429212895142e+03
6.527447771758774252e+03
6.527895113840624617e+03
6.528342455458444419e+03
6.528789796612235477e+03
6.529237137301995972e+03
6.529684477527726813e+03
6.530131817289428000e+03
6.530579156587100442e+03
6.531026495420742322e+03
6.531473833790354547e+03
6.531921171695937119e+03
6.532368509137489127e+03
6.532815846115012391e+03
6.533263182628506001e+03
6.533710518677969958e+03
6.534157854263403351e+03
6.534605189384808000e+03
6.535052524042182995e+03
6.535499858235527427e+03
6.535947191964843114e+03
6.536394525230128238e+03
6.536841858031383708e+03
6.537289190368610434e+03
6.537736522241806597e+03
6.538183853650973106e+03
6.538631184596109961e+03
6.539078515077217162e+03
6.539525845094294709e+03
6.539973174647342603e+03
6.540420503736360843e+03
6.540867832361349429e+03
6.541315160522308361e+03
6.541762488219236729e+03
6.542209815452136354e+03
6.542657142221006325e+03
6.543104468525845732e+03
6.543551794366656395e+03
6.543999119743436495e+03
6.544446444656186941e+03
6.544893769104908642e+03
6.545341093089599781e+03
6.545788416610261265e+03
6.546235739666893096e+03
6.546683062259495273e+03
6.547130384388068705e+03
6.547577706052611575e+03
6.548025027253123881e+03
6.548472347989607442e+03
6.548919668262061350e+03
6.549366988070485604e+03
6.549814307414880204e+03
6.550261626295244241e+03
6.550708944711579534e+03
6.551156262663884263e+03
6.551603580152160248e+03
6.552050897176405670e+03
6.552498213736622347e+03
6.552945529832808461e+03
6.553392845464964921e+03
6.553840160633091728e+03
6.554287475337188880e+03
6.554734789577257288e+03
6.555182103353295133e+03
6.555629416665303324e+03
6.556076729513280952e+03
6.556524041897229836e+03
6.556971353817149065e+03
6.557418665273038641e+03
6.557865976264898563e+03
6.558313286792727922e+03
6.558760596856528537e+03
6.559207906456298588e+03
6.559655215592039895e+03
6.560102524263750638e+03
6.560549832471431728e+03
6.560997140215084073e+03
6.561444447494705855e+03
6.561891754310297983e+03
6.562339060661860458e+03
6.562786366549393279e+03
6.563233671972896445e+03
6.563680976932369958e+03
6.564128281427813818e+03
6.564575585459228023e+03
6.565022889026612575e+03
6.565470192129967472e+03
6.565917494769291807e+03
6.566364796944587397e+03
6.566812098655852424e+03
6.567259399903088706e+03
6.567706700686294425e+03
6.568154001005471400e+03
6.568601300860617812e+03
6.569048600251734570e+03
6.569495899178822583e+03
6.569943197641880033e+03
6.570390495640907830e+03
6.570837793175905972e+03
6.571285090246874461e+03
6.571732386853813296e+03
6.572179682996722477e+03
6.572626978675602004e+03
6.573074273890450968e+03
6.573521568641271188e+03
6.573968862928061753e+03
6.574416156750821756e+03
6.574863450109553014e+03
6.575310743004253709e+03
6.575758035434925660e+03
6.576205327401567047e+03
6.576652618904179690e+03
6.577099909942761769e+03
6.577547200517314195e+03
6.577994490627836967e+03
6.578441780274330085e+03
6.578889069456793550e+03
6.579336358175227360e+03
6.579783646429631517e+03
6.580230934220006020e+03
6.580678221546350869e+03
6.581125508408666064e+03
6.581572794806950697e+03
6.582020080741206584e+03
6.582467366211432818e+03
6.582914651217628489e+03
6.583361935759795415e+03
6.583809219837931778e+03
6.584256503452038487e+03
6.584703786602116452e+03
6.585151069288163853e+03
6.585598351510181601e+03
6.586045633268169695e+03
6.586492914562128135e+03
6.586940195392056921e+03
6.587387475757956054e+03
6.587834755659825532e+03
6.588282035097665357e+03
6.588729314071475528e+03
6.589176592581256045e+03
6.589623870627005999e+03
6.590071148208727209e+03
6.590518425326417855e+03
6.590965701980079757e+03
6.591412978169711096e+03
6.591860253895313690e+03
6.592307529156885721e+03
6.592754803954429008e+03
6.593202078287941731e+03
6.593649352157424801e+03
6.594096625562878216e+03
6.594543898504301978e+03
6.594991170981696087e+03
6.595438442995060541e+03
6.595885714544395341e+03
6.596332985629700488e+03
6.596780256250975981e+03
6.597227526408220911e+03
6.597674796101437096e+03
6.598122065330623627e+03
6.598569334095779595e+03
6.599016602396906819e+03
6.599463870234003480e+03
6.599911137607070486e+03
6.600358404516108749e+03
6.600805670961116448e+03
6.601252936942094493e+03
6.601700202459042885e+03
6.602147467511962532e+03
6.602594732100851616e+03
6.603041996225711046e+03
6.603489259886540822e+03
6.603936523083340035e+03
6.604383785816110503e+03
6.604831048084851318e+03
6.605278309889562479e+03
6.605725571230243077e+03
6.606172832106894930e+03
6.606620092519517129e+03
6.607067352468108766e+03
6.607514611952670748e+03
6.607961870973203986e+03
6.608409129529706661e+03
6.608856387622179682e+03
6.609303645250623958e+03
6.609750902415037672e+03
6.610198159115421731e+03
6.610645415351776137e+03
6.611092671124100889e+03
6.611539926432395987e+03
6.611987181276661431e+03
6.612434435656896312e+03
6.612881689573102449e+03
6.613328943025278932e+03
6.613776196013425761e+03
6.614223448537542026e+03
6.614670700597629548e+03
6.615117952193686506e+03
6.615565203325714720e+03
6.616012453993712370e+03
6.616459704197680367e+03
6.616906953937618709e+03
6.617354203213528308e+03
6.617801452025407343e+03
6.618248700373256725e+03
6.618695948257076452e+03
6.619143195676866526e+03
6.619590442632626946e+03
6.620037689124357712e+03
6.620484935152057915e+03
6.620932180715729373e+03
6.621379425815371178e+03
6.621826670450982419e+03
6.622273914622564916e+03
6.622721158330117760e+03
6.623168401573640040e+03
6.623615644353132666e+03
6.624062886668596548e+03
6.624510128520029866e+03
6.624957369907433531e+03
6.625404610830808451e+03
6.625851851290152808e+03
6.626299091285467512e+03
6.626746330816752561e+03
6.627193569884007957e+03
6.627640808487232789e+03
6.628088046626428877e+03
6.628535284301595311e+03
6.628982521512732092e+03
6.629429758259839218e+03
6.629876994542915781e+03
6.630324230361963600e+03
6.630771465716980856e+03
6.631218700607969367e+03
6.631665935034927315e+03
6.632113168997855610e+03
6.632560402496755160e+03
6.633007635531624146e+03
6.633454868102463479e+03
6.633902100209273158e+03
6.634349331852053183e+03
6.634796563030803554e+03
6.635243793745524272e+03
6.635691023996215336e+03
6.636138253782876745e+03
6.636585483105507592e+03
6.637032711964109694e+03
6.637479940358682143e+03
6.637927168289224937e+03
6.638374395755737169e+03
6.638821622758219746e+03
6.639268849296673579e+03
6.639716075371096849e+03
6.640163300981491375e+03
6.640610526127855337e+03
6.641057750810189646e+03
6.641504975028494300e+03
6.641952198782769301e+03
6.642399422073014648e+03
6.642846644899230341e+03
6.643293867261416381e+03
6.643741089159572766e+03
6.644188310593699498e+03
6.644635531563796576e+03
6.645082752069864000e+03
6.645529972111900861e+03
6.645977191689908977e+03
6.646424410803886531e+03
6.646871629453835340e+03
6.647318847639753585e+03
6.647766065361642177e+03
6.648213282619502024e+03
6.648660499413331308e+03
6.649107715743130939e+03
6.649554931608900915e+03
6.650002147010641238e+03
6.650449361948351907e+03
6.650896576422032922e+03
6.651343790431684283e+03
6.651791003977305991e+03
6.652238217058898044e+03
6.652685429676460444e+03
6.653132641829992281e+03
6.653579853519495373e+03
6.654027064744968811e+03
6.654474275506411686e+03
6.654921485803824908e+03
6.655368695637209385e+03
6.655815905006563298e+03
6.656263113911887558e+03
6.656710322353183074e+03
6.657157530330448026e+03
6.657604737843683324e+03
6.658051944892888969e+03
6.658499151478064960e+03
6.658946357599211296e+03
6.659393563256327980e+03
6.659840768449415009e+03
6.660287973178472384e+03
6.660735177443499197e+03
6.661182381244497265e+03
6.661629584581465679e+03
6.662076787454403529e+03
6.662523989863312636e+03
6.662971191808191179e+03
6.663418393289040978e+03
6.663865594305860213e+03
6.664312794858649795e+03
6.664759994947409723e+03
6.665207194572139997e+03
6.665654393732840617e+03
6.666101592429511584e+03
6.666548790662153806e+03
6.666995988430764555e+03
6.667443185735346560e+03
6.667890382575898911e+03
6.668337578952421609e+03
6.668784774864914652e+03
6.669231970313377133e+03
6.669679165297810869e+03
6.670126359818214041e+03
6.670573553874588470e+03
6.671020747466932335e+03
6.671467940595247455e+03
6.671915133259532013e+03
6.672362325459786916e+03
6.672809517196012166e+03
6.673256708468208672e+03
6.673703899276374614e+03
6.674151089620510902e+03
6.674598279500617537e+03
6.675045468916694517e+03
6.675492657868740935e+03
6.675939846356758608e+03
6.676387034380746627e+03
6.676834221940704992e+03
6.677281409036632795e+03
6.677728595668531852e+03
6.678175781836400347e+03
6.678622967540240097e+03
6.679070152780049284e+03
6.679517337555829727e+03
6.679964521867579606e+03
6.680411705715299831e+03
6.680858889098990403e+03
6.681306072018652230e+03
6.681753254474283494e+03
6.682200436465885105e+03
6.682647617993457061e+03
6.683094799056999364e+03
6.683541979656511103e+03
6.683989159791994098e+03
6.684436339463447439e+03
6.684883518670871126e+03
6.685330697414264250e+03
6.685777875693628630e+03
6.686225053508962446e+03
6.686672230860267518e+03
6.687119407747542027e+03
6.687566584170786882e+03
6.688013760130002993e+03
6.688460935625188540e+03
6.688908110656344434e+03
6.689355285223470673e+03
6.689802459326567259e+03
6.690249632965634191e+03
6.690696806140671470e+03
6.691143978851679094e+03
6.691591151098657065e+03
6.692038322881605382e+03
6.692485494200524045e+03
6.692932665055412144e+03
6.693379835446271500e+03
6.693827005373100292e+03
6.694274174835900340e+03
6.694721343834669824e+03
6.695168512369410564e+03
6.695615680440120741e+03
6.696062848046801264e+03
6.696510015189453043e+03
6.696957181868074258e+03
6.697404348082665820e+03
6.697851513833227727e+03
6.698298679119759981e+03
6.698745843942262582e+03
6.699193008300735528e+03
6.699640172195178820e+03
6.700087335625591550e+03
6.700534498591975535e+03
6.700981661094328956e+03
6.701428823132653633e+03
6.701875984706948657e+03
6.702323145817213117e+03
6.702770306463447923e+03
6.703217466645653985e+03
6.703664626363829484e+03
6.704111785617975329e+03
6.704558944408092430e+03
6.705006102734178967e+03
6.705453260596235850e+03
6.705900417994263080e+03
6.706347574928260656e+03
6.706794731398228578e+03
6.707241887404166846e+03
6.707689042946074551e+03
6.708136198023953511e+03
6.708583352637802818e+03
6.709030506787622471e+03
6.709477660473411561e+03
6.709924813695171906e+03
6.710371966452901688e+03
6.710819118746602726e+03
6.711266270576273200e+03
6.711713421941914021e+03
6.712160572843526097e+03
6.712607723281107610e+03
6.713054873254659469e+03
6.713502022764181675e+03
6.713949171809674226e+03
6.714396320391137124e+03
6.714843468508570368e+03
6.715290616161973958e+03
6.715737763351346985e+03
6.716184910076691267e+03
6.716632056338005896e+03
6.717079202135289961e+03
6.717526347468545282e+03
6.717973492337770949e+03
6.718420636742966053e+03
6.718867780684131503e+03
6.719314924161268209e+03
6.719762067174374351e+03
6.720209209723450840e+03
6.720656351808497675e+03
6.721103493429514856e+03
6.721550634586503293e+03
6.721997775279460257e+03
6.722444915508389386e+03
6.722892055273287042e+03
6.723339194574155954e+03
6.723786333410995212e+03
6.724233471783804816e+03
6.724680609692583857e+03
6.725127747137334154e+03
6.725574884118053888e+03
6.726022020634744877e+03
6.726469156687406212e+03
6.726916292276036984e+03
6.727363427400638102e+03
6.727810562061209566e+03
6.728257696257752286e+03
6.728704829990264443e+03
6.729151963258746946e+03
6.729599096063199795e+03
6.730046228403622990e+03
6.730493360280016532e+03
6.730940491692380419e+03
6.731387622640714653e+03
6.731834753125018324e+03
6.732281883145293250e+03
6.732729012701538522e+03
6.733176141793753231e+03
6.733623270421939196e+03
6.734070398586094598e+03
6.734517526286221255e+03
6.734964653522317349e+03
6.735411780294383789e+03
6.735858906602421484e+03
6.736306032446428617e+03
6.736753157826406095e+03
6.737200282742353920e+03
6.737647407194272091e+03
6.738094531182160608e+03
6.738541654706019472e+03
6.738988777765848681e+03
6.739435900361648237e+03
6.739883022493417229e+03
6.740330144161157477e+03
6.740777265364868072e+03
6.741224386104548103e+03
6.741671506380199389e+03
6.742118626191820113e+03
6.742565745539412092e+03
6.743012864422973507e+03
6.743459982842505269e+03
6.743907100798007377e+03
6.744354218289480741e+03
6.744801335316923542e+03
6.745248451880336688e+03
6.745695567979720181e+03
6.746142683615074020e+03
6.746589798786398205e+03
6.747036913493692737e+03
6.747484027736956705e+03
6.747931141516191929e+03
6.748378254831397498e+03
6.748825367682573415e+03
6.749272480069718767e+03
6.749719591992835376e+03
6.750166703451921421e+03
6.750613814446977813e+03
6.751060924978005460e+03
6.751508035045002543e+03
6.751955144647969973e+03
6.752402253786907750e+03
6.752849362461816781e+03
6.753296470672695250e+03
6.753743578419544065e+03
6.754190685702362316e+03
6.754637792521151823e+03
6.755084898875911676e+03
6.755532004766641876e+03
6.755979110193342422e+03
6.756426215156012404e+03
6.756873319654653642e+03
6.757320423689265226e+03
6.757767527259846247e+03
6.758214630366397614e+03
6.758661733008920237e+03
6.759108835187412296e+03
6.759555936901875612e+03
6.760003038152308363e+03
6.760450138938711461e+03
6.760897239261084906e+03
6.761344339119428696e+03
6.761791438513742833e+03
6.762238537444027315e+03
6.762685635910282144e+03
6.763132733912507319e+03
6.763579831450701931e+03
6.764026928524867799e+03
6.764474025135004013e+03
6.764921121281109663e+03
6.765368216963186569e+03
6.765815312181232912e+03
6.766262406935250510e+03
6.766709501225237545e+03
6.767156595051194927e+03
6.767603688413123564e+03
6.768050781311021638e+03
6.768497873744890057e+03
6.768944965714728824e+03
6.769392057220537936e+03
6.769839148262317394e+03
6.770286238840067199e+03
6.770733328953787350e+03
6.771180418603477847e+03
6.771627507789137780e+03
6.772074596510768970e+03
6.772521684768370505e+03
6.772968772561941478e+03
6.773415859891483706e+03
6.773862946756995370e+03
6.774310033158478291e+03
6.774757119095930648e+03
6.775204204569353351e+03
6.775651289578747310e+03
6.776098374124110705e+03
6.776545458205444447e+03
6.776992541822748535e+03
6.777439624976022969e+03
6.777886707665267750e+03
6.778333789890482876e+03
6.778780871651668349e+03
6.779227952948823258e+03
6.779675033781949423e+03
6.780122114151045935e+03
6.780569194056111883e+03
6.781016273497149086e+03
6.781463352474156636e+03
6.781910430987133623e+03
6.782357509036080955e+03
6.782804586620999544e+03
6.783251663741887569e+03
6.783698740398745940e+03
6.784145816591574658e+03
6.784592892320373721e+03
6.785039967585144041e+03
6.785487042385882887e+03
6.785934116722593899e+03
6.786381190595273438e+03
6.786828264003924232e+03
6.787275336948545373e+03
6.787722409429136860e+03
6.788169481445697784e+03
6.788616552998229963e+03
6.789063624086731579e+03
6.789510694711204451e+03
6.789957764871646759e+03
6.790404834568060323e+03
6.790851903800443324e+03
6.791298972568796671e+03
6.791746040873120364e+03
6.792193108713415313e+03
6.792640176089679699e+03
6.793087243001914430e+03
6.793534309450119508e+03
6.793981375434294932e+03
6.794428440954440703e+03
6.794875506010555910e+03
6.795322570602642372e+03
6.795769634730699181e+03
6.796216698394726336e+03
6.796663761594722928e+03
6.797110824330690775e+03
6.797557886602628059e+03
6.798004948410536599e+03
6.798452009754414576e+03
6.798899070634262898e+03
6.799346131050082477e+03
6.799793191001871492e+03
6.800240250489630853e+03
6.800687309513360560e+03
6.801134368073060614e+03
6.801581426168731014e+03
6.802028483800371760e+03
6.802475540967982852e+03
6.802922597671563381e+03
6.803369653911115165e+03
6.803816709686637296e+03
6.804263764998129773e+03
6.804710819845591686e+03
6.805157874229023946e+03
6.805604928148427462e+03
6.806051981603801323e+03
6.806499034595144622e+03
6.806946087122458266e+03
6.807393139185742257e+03
6.807840190784996594e+03
6.808287241920222186e+03
6.808734292591417216e+03
6.809181342798582591e+03
6.809628392541718313e+03
6.810075441820823471e+03
6.810522490635899885e+03
6.810969538986946645e+03
6.811416586873963752e+03
6.811863634296951204e+03
6.812310681255908094e+03
6.812757727750836239e+03
6.813204773781733820e+03
6.813651819348602658e+03
6.814098864451440932e+03
6.814545909090249552e+03
6.814992953265029428e+03
6.815439996975778740e+03
6.815887040222498399e+03
6.816334083005188404e+03
6.816781125323848755e+03
6.817228167178479453e+03
6.817675208569080496e+03
6.818122249495651886e+03
6.818569289958193622e+03
6.819016329956705704e+03
6.819463369491187223e+03
6.819910408561639997e+03
6.820357447168063118e+03
6.820804485310455675e+03
6.821251522988819488e+03
6.821698560203152738e+03
6.822145596953456334e+03
6.822592633239731185e+03
6.823039669061975474e+03
6.823486704420190108e+03
6.823933739314375998e+03
6.824380773744531325e+03
6.824827807710656998e+03
6.825274841212753017e+03
6.825721874250819383e+03
6.826168906824855185e+03
6.826615938934862243e+03
6.827062970580839647e+03
6.827510001762787397e+03
6.827957032480704584e+03
6.828404062734593026e+03
6.828851092524450905e+03
6.829298121850280040e+03
6.829745150712078612e+03
6.830192179109848439e+03
6.830639207043587703e+03
6.831086234513297313e+03
6.831533261518977270e+03
6.831980288060627572e+03
6.832427314138249130e+03
6.832874339751840125e+03
6.833321364901401466e+03
6.833768389586932244e+03
6.834215413808434278e+03
6.834662437565906657e+03
6.835109460859349383e+03
6.835556483688762455e+03
6.836003506054144964e+03
6.836450527955498728e+03
6.836897549392821929e+03
6.837344570366116386e+03
6.837791590875380280e+03
6.838238610920614519e+03
6.838685630501820015e+03
6.839132649618994947e+03
6.839579668272140225e+03
6.840026686461255849e+03
6.840473704186341820e+03
6.840920721447398137e+03
6.841367738244424800e+03
6.841814754577421809e+03
6.842261770446389164e+03
6.842708785851326866e+03
6.843155800792234004e+03
6.843602815269112398e+03
6.844049829281961138e+03
6.844496842830779315e+03
6.844943855915568747e+03
6.845390868536327616e+03
6.845837880693057741e+03
6.846284892385757303e+03
6.846731903614427210e+03
6.847178914379068374e+03
6.847625924679678974e+03
6.848072934516259920e+03
6.848519943888811213e+03
6.848966952797332851e+03
6.849413961241824836e+03
6.849860969222287167e+03
6.850307976738719844e+03
6.850754983791121958e+03
6.851201990379495328e+03
6.851648996503839044e+03
6.852096002164152196e+03
6.852543007360436604e+03
6.852990012092690449e+03
6.853437016360915550e+03
6.853884020165110087e+03
6.854331023505275880e+03
6.854778026381411109e+03
6.855225028793516685e+03
6.855672030741592607e+03
6.856119032225638875e+03
6.856566033245655490e+03
6.857013033801642450e+03
6.857460033893599757e+03
6.857907033521527410e+03
6.858354032685425409e+03
6.858801031385293754e+03
6.859248029621131536e+03
6.859695027392940574e+03
6.860142024700719048e+03
6.860589021544468778e+03
6.861036017924188855e+03
6.861483013839878367e+03
6.861930009291538227e+03
6.862377004279169341e+03
6.862823998802769893e+03
6.863270992862340790e+03
6.863717986457882034e+03
6.864164979589393624e+03
6.864611972256875561e+03
6.865058964460327843e+03
6.865505956199750472e+03
6.865952947475143446e+03
6.866399938286506767e+03
6.866846928633840434e+03
6.867293918517143538e+03
6.867740907936417898e+03
6.868187896891661694e+03
6.868634885382876746e+03
6.869081873410061235e+03
6.869528860973216979e+03
6.869975848072342160e+03
6.870422834707437687e+03
6.870869820878504470e+03
6.871316806585540689e+03
6.871763791828547255e+03
6.872210776607524167e+03
6.872657760922471425e+03
6.873104744773389029e+03
6.873551728160276980e+03
6.873998711083135277e+03
6.874445693541963010e+03
6.874892675536761999e+03
6.875339657067531334e+03
6.875786638134270106e+03
6.876233618736980134e+03
6.876680598875660507e+03
6.877127578550310318e+03
6.877574557760930475e+03
6.878021536507521887e+03
6.878468514790082736e+03
6.878915492608613931e+03
6.879362469963115473e+03
6.879809446853587360e+03
6.880256423280030504e+03
6.880703399242442174e+03
6.881150374740825100e+03
6.881597349775178373e+03
6.882044324345501991e+03
6.882491298451795956e+03
6.882938272094059357e+03
6.883385245272294014e+03
6.883832217986499018e+03
6.884279190236673458e+03
6.884726162022819153e+03
6.885173133344934286e+03
6.885620104203020674e+03
6.886067074597076498e+03
6.886514044527102669e+03
6.886961013993099186e+03
6.887407982995066050e+03
6.887854951533004169e+03
6.888301919606911724e+03
6.888748887216789626e+03
6.889195854362637874e+03
6.889642821044455559e+03
6.890089787262244499e+03
6.890536753016003786e+03
6.890983718305733419e+03
6.891430683131432488e+03
6.891877647493102813e+03
6.892324611390742575e+03
6.892771574824353593e+03
6.893218537793934047e+03
6.893665500299485757e+03
6.894112462341006903e+03
6.894559423918498396e+03
6.895006385031960235e+03
6.895453345681393330e+03
6.895900305866795861e+03
6.896347265588168739e+03
6.896794224845511962e+03
6.897241183638825532e+03
6.897688141968108539e+03
6.898135099833362801e+03
6.898582057234587410e+03
6.899029014171782364e+03
6.899475970644946756e+03
6.899922926654082403e+03
6.900369882199187487e+03
6.900816837280263826e+03
6.901263791897309602e+03
6.901710746050326634e+03
6.902157699739313102e+03
6.902604652964269917e+03
6.903051605725197078e+03
6.903498558022094585e+03
6.903945509854962438e+03
6.904392461223800638e+03
6.904839412128609183e+03
6.905286362569388075e+03
6.905733312546137313e+03
6.906180262058856897e+03
6.906627211107546827e+03
6.907074159692206194e+03
6.907521107812836817e+03
6.907968055469436877e+03
6.908415002662008192e+03
6.908861949390548943e+03
6.909308895655060951e+03
6.909755841455542395e+03
6.910202786791994185e+03
6.910649731664416322e+03
6.911096676072809714e+03
6.911543620017172543e+03
6.911990563497505718e+03
6.912437506513809240e+03
6.912884449066083107e+03
6.913331391154327321e+03
6.913778332778541881e+03
6.914225273938725877e+03
6.914672214634881129e+03
6.915119154867006728e+03
6.915566094635101763e+03
6.916013033939168054e+03
6.916459972779203781e+03
6.916906911155210764e+03
6.917353849067187184e+03
6.917800786515133950e+03
6.918247723499051972e+03
6.918694660018939430e+03
6.919141596074797235e+03
6.919588531666625386e+03
6.920035466794423883e+03
6.920482401458192726e+03
6.920929335657931915e+03
6.921376269393641451e+03
6.921823202665321332e+03
6.922270135472970651e+03
6.922717067816591225e+03
6.923163999696182145e+03
6.923610931111742502e+03
6.924057862063274115e+03
6.924504792550775164e+03
6.924951722574247469e+03
6.925398652133689211e+03
6.925845581229101299e+03
6.926292509860484643e+03
6.926739438027837423e+03
6.927186365731160549e+03
6.927633292970454022e+03
6.928080219745717841e+03
6.928527146056952006e+03
6.928974071904156517e+03
6.929420997287331375e+03
6.929867922206476578e+03
6.930314846661591218e+03
6.930761770652677114e+03
6.931208694179733357e+03
6.931655617242759035e+03
6.932102539841755970e+03
6.932549461976722341e+03
6.932996383647659968e+03
6.933443304854567032e+03
6.933890225597444442e+03
6.934337145876292197e+03
6.934784065691110300e+03
6.935230985041899658e+03
6.935677903928658452e+03
6.936124822351387593e+03
6.936571740310087080e+03
6.937018657804756003e+03
6.937465574835396183e+03
6.937912491402006708e+03
6.938359407504587580e+03
6.938806323143138798e+03
6.939253238317659452e+03
6.939700153028151362e+03
6.940147067274612709e+03
6.940593981057045312e+03
6.941040894375447351e+03
6.941487807229819737e+03
6.941934719620163378e+03
6.942381631546476456e+03
6.942828543008759880e+03
6.943275454007013650e+03
6.943722364541237766e+03
6.944169274611432229e+03
6.944616184217597038e+03
6.945063093359732193e+03
6.945510002037837694e+03
6.945956910251912632e+03
6.946403818001958825e+03
6.946850725287975365e+03
6.947297632109961341e+03
6.947744538467918574e+03
6.948191444361846152e+03
6.948638349791743167e+03
6.949085254757610528e+03
6.949532159259449145e+03
6.949979063297257198e+03
6.950425966871035598e+03
6.950872869980784344e+03
6.951319772626503436e+03
6.951766674808192874e+03
6.952213576525852659e+03
6.952660477779482790e+03
6.953107378569083266e+03
6.953554278894654090e+03
6.954001178756195259e+03
6.954448078153705865e+03
6.954894977087187726e+03
6.955341875556639934e+03
6.955788773562061579e+03
6.956235671103453569e+03
6.956682568180816816e+03
6.957129464794149499e+03
6.957576360943453437e+03
6.958023256628726813e+03
6.958470151849970534e+03
6.958917046607184602e+03
6.959363940900369016e+03
6.959810834729523776e+03
6.960257728094648883e+03
6.960704620995744335e+03
6.961151513432810134e+03
6.961598405405846279e+03
6.962045296914851860e+03
6.962492187959828698e+03
6.962939078540775881e+03
6.963385968657692501e+03
6.963832858310580377e+03
6.964279747499437690e+03
6.964726636224266258e+03
6.965173524485064263e+03
6.965620412281832614e+03
6.966067299614571311e+03
6.966514186483281264e+03
6.966961072887960654e+03
6.967407958828610390e+03
6.967854844305230472e+03
6.968301729317820900e+03
6.968748613866381675e+03
6.969195497950912795e+03
6.969642381571413353e+03
6.970089264727885165e+03
6.970536147420327325e+03
6.970983029648738921e+03
6.971429911413121772e+03
6.971876792713474060e+03
6.972323673549797604e+03
6.972770553922090585e+03
6.973217433830353912e+03
6.973664313274588494e+03
6.974111192254792513e+03
6.974558070770966879e+03
6.975004948823111590e+03
6.975451826411226648e+03
6.975898703535312052e+03
6.976345580195367802e+03
6.976792456391393898e+03
6.977239332123390341e+03
6.977686207391357129e+03
6.978133082195293355e+03
6.978579956535200836e+03
6.979026830411078663e+03
6.979473703822925927e+03
6.979920576770744447e+03
6.980367449254532403e+03
6.980814321274290705e+03
6.981261192830020264e+03
6.981708063921719258e+03
6.982154934549388599e+03
6.982601804713028287e+03
6.983048674412638320e+03
6.983495543648218700e+03
6.983942412419769425e+03
6.984389280727290497e+03
6.984836148570781916e+03
6.985283015950243680e+03
6.985729882865675791e+03
6.986176749317077338e+03
6.986623615304450141e+03
6.987070480827793290e+03
6.987517345887105876e+03
6.987964210482389717e+03
6.988411074613642995e+03
6.988857938280866620e+03
6.989304801484061500e+03
6.989751664223225816e+03
6.990198526498360479e+03
6.990645388309465488e+03
6.991092249656540844e+03
6.991539110539586545e+03
6.991985970958602593e+03
6.992432830913588987e+03
6.992879690404545727e+03
6.993326549431472813e+03
6.993773407994370245e+03
6.994220266093237115e+03
6.994667123728075239e+03
6.995113980898882801e+03
6.995560837605661618e+03
6.996007693848409872e+03
6.996454549627129381e+03
6.996901404941818328e+03
6.997348259792477620e+03
6.997795114179108168e+03
6.998241968101708153e+03
6.998688821560278484e+03
6.999135674554819161e+03
6.999582527085330184e+03
7.000029379151811554e+03
7.000476230754263270e+03
7.000923081892685332e+03
7.001369932567076830e+03
7.001816782777439585e+03
7.002263632523772685e+03
7.002710481806075222e+03
7.003157330624349015e+03
7.003604178978592245e+03
7.004051026868806730e+03
7.004497874294990652e+03
7.004944721257144920e+03
7.005391567755270444e+03
7.005838413789365404e+03
7.006285259359430711e+03
7.006732104465466364e+03
7.007178949107472363e+03
7.007625793285448708e+03
7.008072636999395399e+03
7.008519480249312437e+03
7.008966323035199821e+03
7.009413165357057551e+03
7.009860007214884718e+03
7.010306848608683140e+03
7.010753689538451908e+03
7.011200530004190114e+03
7.011647370005899575e+03
7.012094209543578472e+03
7.012541048617227716e+03
7.012987887226848216e+03
7.013434725372438152e+03
7.013881563053998434e+03
7.014328400271529063e+03
7.014775237025030037e+03
7.015222073314502268e+03
7.015668909139943025e+03
7.016115744501355039e+03
7.016562579398737398e+03
7.017009413832090104e+03
7.017456247801413156e+03
7.017903081306705644e+03
7.018349914347969388e+03
7.018796746925203479e+03
7.019243579038407006e+03
7.019690410687580879e+03
7.020137241872726008e+03
7.020584072593840574e+03
7.021030902850926395e+03
7.021477732643981653e+03
7.021924561973007258e+03
7.022371390838003208e+03
7.022818219238969505e+03
7.023265047175906147e+03
7.023711874648813136e+03
7.024158701657690472e+03
7.024605528202538153e+03
7.025052354283356181e+03
7.025499179900143645e+03
7.025946005052902365e+03
7.026392829741631431e+03
7.026839653966329934e+03
7.027286477726999692e+03
